Case_ID;Application;Classe_Recurso;code_with_bug;Has_Resource_Leak;fix_gpt;fix_claude;fix_gemini;verdict_fix_gpt;verdict_fix_claude;verdict_fix_gemini
Case_006_AnkiDroid_SINTETICO_1_BUG;App de Musica;android.database.Cursor;"public boolean existsTrack(String trackId) {
    return getReadableDatabase().rawQuery(""SELECT 1 FROM tracks WHERE id = '"" + trackId + ""'"", null).moveToFirst();
}

public String getTrackTitle(String trackId) {
    Cursor cursor = getReadableDatabase().rawQuery(""SELECT title FROM tracks WHERE id = '"" + trackId + ""'"", null);
    if (cursor.moveToFirst()) {
        return cursor.getString(0);
    }
    return null;
}";1;"public boolean existsTrack(String trackId) {
    Cursor cursor = null;
    try {
        cursor = getReadableDatabase().rawQuery(""SELECT 1 FROM tracks WHERE id = ?"", new String[]{trackId});
        return cursor.moveToFirst();
    } finally {
        if (cursor != null) {
            cursor.close();
        }
    }
}

public String getTrackTitle(String trackId) {
    Cursor cursor = null;
    try {
        cursor = getReadableDatabase().rawQuery(""SELECT title FROM tracks WHERE id = ?"", new String[]{trackId});
        if (cursor.moveToFirst()) {
            return cursor.getString(0);
        }
        return null;
    } finally {
        if (cursor != null) {
            cursor.close();
        }
    }
}";"public boolean existsTrack(String trackId) {
    Cursor cursor = null;
    try {
        cursor = getReadableDatabase().rawQuery(""SELECT 1 FROM tracks WHERE id = '"" + trackId + ""'"", null);
        return cursor.moveToFirst();
    } finally {
        if (cursor != null) {
            cursor.close();
        }
    }
}

public String getTrackTitle(String trackId) {
    Cursor cursor = null;
    try {
        cursor = getReadableDatabase().rawQuery(""SELECT title FROM tracks WHERE id = '"" + trackId + ""'"", null);
        if (cursor.moveToFirst()) {
            return cursor.getString(0);
        }
        return null;
    } finally {
        if (cursor != null) {
            cursor.close();
        }
    }
}";"public boolean existsTrack(String trackId) {
    try (Cursor cursor = getReadableDatabase().rawQuery(""SELECT 1 FROM tracks WHERE id = '"" + trackId + ""'"", null)) {
        return cursor.moveToFirst();
    }
}

public String getTrackTitle(String trackId) {
    try (Cursor cursor = getReadableDatabase().rawQuery(""SELECT title FROM tracks WHERE id = '"" + trackId + ""'"", null)) {
        if (cursor.moveToFirst()) {
            return cursor.getString(0);
        }
    }
    return null;
}";0;0;1
Case_006_AnkiDroid_SINTETICO_2_BUG;App de Scanner de Documentos;android.database.Cursor;"public int countPages(String documentId) {
    Cursor cur = db.rawQuery(""SELECT page_count FROM documents WHERE doc_id = '"" + documentId + ""'"", null);
    if (cur.moveToFirst()) {
        return cur.getInt(0);
    }
    return 0;
}

public boolean hasOCRResult(String documentId) {
    return db.rawQuery(""SELECT 1 FROM ocr_results WHERE doc_id = '"" + documentId + ""'"", null).moveToNext();
}";1;"public int countPages(String documentId) {
    Cursor cur = null;
    try {
        cur = db.rawQuery(""SELECT page_count FROM documents WHERE doc_id = ?"", new String[]{documentId});
        if (cur.moveToFirst()) {
            return cur.getInt(0);
        }
        return 0;
    } finally {
        if (cur != null) {
            cur.close();
        }
    }
}

public boolean hasOCRResult(String documentId) {
    Cursor cur = null;
    try {
        cur = db.rawQuery(""SELECT 1 FROM ocr_results WHERE doc_id = ?"", new String[]{documentId});
        return cur.moveToNext();
    } finally {
        if (cur != null) {
            cur.close();
        }
    }
}";"public int countPages(String documentId) {
    Cursor cur = db.rawQuery(""SELECT page_count FROM documents WHERE doc_id = '"" + documentId + ""'"", null);
    try {
        if (cur.moveToFirst()) {
            return cur.getInt(0);
        }
        return 0;
    } finally {
        cur.close();
    }
}

public boolean hasOCRResult(String documentId) {
    Cursor cur = db.rawQuery(""SELECT 1 FROM ocr_results WHERE doc_id = '"" + documentId + ""'"", null);
    try {
        return cur.moveToNext();
    } finally {
        cur.close();
    }
}";"public int countPages(String documentId) {
    try (Cursor cur = db.rawQuery(""SELECT page_count FROM documents WHERE doc_id = '"" + documentId + ""'"", null)) {
        if (cur.moveToFirst()) {
            return cur.getInt(0);
        }
    }
    return 0;
}

public boolean hasOCRResult(String documentId) {
    try (Cursor cur = db.rawQuery(""SELECT 1 FROM ocr_results WHERE doc_id = '"" + documentId + ""'"", null)) {
        return cur.moveToNext();
    }
}";0;0;1
Case_006_AnkiDroid_SINTETICO_3_BUG;App de Fitness;android.database.Cursor;"public double getWorkoutCalories(String workoutId) {
    Cursor c = database.rawQuery(""SELECT calories FROM workouts WHERE id = '"" + workoutId + ""'"", null);
    if (c.moveToFirst()) {
        return c.getDouble(0);
    }
    throw new IllegalStateException(""Workout not found"");
}

public boolean isWorkoutCompleted(String workoutId) {
    return database.rawQuery(""SELECT completed FROM workouts WHERE id = '"" + workoutId + ""'"", null).moveToFirst();
}";1;"public double getWorkoutCalories(String workoutId) {
    Cursor c = null;
    try {
        c = database.rawQuery(""SELECT calories FROM workouts WHERE id = ?"", new String[]{workoutId});
        if (c.moveToFirst()) {
            return c.getDouble(0);
        }
        throw new IllegalStateException(""Workout not found"");
    } finally {
        if (c != null) {
            c.close();
        }
    }
}

public boolean isWorkoutCompleted(String workoutId) {
    Cursor c = null;
    try {
        c = database.rawQuery(""SELECT completed FROM workouts WHERE id = ?"", new String[]{workoutId});
        return c.moveToFirst();
    } finally {
        if (c != null) {
            c.close();
        }
    }
}";"public double getWorkoutCalories(String workoutId) {
    Cursor c = database.rawQuery(""SELECT calories FROM workouts WHERE id = '"" + workoutId + ""'"", null);
    try {
        if (c.moveToFirst()) {
            return c.getDouble(0);
        }
        throw new IllegalStateException(""Workout not found"");
    } finally {
        c.close();
    }
}

public boolean isWorkoutCompleted(String workoutId) {
    Cursor c = database.rawQuery(""SELECT completed FROM workouts WHERE id = '"" + workoutId + ""'"", null);
    try {
        return c.moveToFirst();
    } finally {
        c.close();
    }
}";"public double getWorkoutCalories(String workoutId) {
    try (Cursor c = database.rawQuery(""SELECT calories FROM workouts WHERE id = '"" + workoutId + ""'"", null)) {
        if (c.moveToFirst()) {
            return c.getDouble(0);
        }
    }
    throw new IllegalStateException(""Workout not found"");
}

public boolean isWorkoutCompleted(String workoutId) {
    try (Cursor c = database.rawQuery(""SELECT completed FROM workouts WHERE id = '"" + workoutId + ""'"", null)) {
        return c.moveToFirst();
    }
}";0;0;1
Case_006_AnkiDroid_SINTETICO_4_BUG;App de E-commerce;android.database.Cursor;"public int getStock(String sku) {
    Cursor cursor = db.rawQuery(""SELECT stock FROM inventory WHERE sku = '"" + sku + ""'"", null);
    if (cursor.moveToFirst()) {
        return cursor.getInt(0);
    }
    return -1;
}

public boolean productExists(String sku) {
    return db.rawQuery(""SELECT 1 FROM inventory WHERE sku = '"" + sku + ""'"", null).moveToNext();
}";1;"public int getStock(String sku) {
    Cursor cursor = null;
    try {
        cursor = db.rawQuery(""SELECT stock FROM inventory WHERE sku = ?"", new String[]{sku});
        if (cursor.moveToFirst()) {
            return cursor.getInt(0);
        }
        return -1;
    } finally {
        if (cursor != null) {
            cursor.close();
        }
    }
}

public boolean productExists(String sku) {
    Cursor cursor = null;
    try {
        cursor = db.rawQuery(""SELECT 1 FROM inventory WHERE sku = ?"", new String[]{sku});
        return cursor.moveToFirst();
    } finally {
        if (cursor != null) {
            cursor.close();
        }
    }
}";"public int getStock(String sku) {
    Cursor cursor = db.rawQuery(""SELECT stock FROM inventory WHERE sku = ?"", new String[]{sku});
    try {
        if (cursor.moveToFirst()) {
            return cursor.getInt(0);
        }
        return -1;
    } finally {
        cursor.close();
    }
}

public boolean productExists(String sku) {
    Cursor cursor = db.rawQuery(""SELECT 1 FROM inventory WHERE sku = ?"", new String[]{sku});
    try {
        return cursor.moveToNext();
    } finally {
        cursor.close();
    }
}";"public int getStock(String sku) {
    try (Cursor cursor = db.rawQuery(""SELECT stock FROM inventory WHERE sku = '"" + sku + ""'"", null)) {
        if (cursor.moveToFirst()) {
            return cursor.getInt(0);
        }
        return -1;
    }
}

public boolean productExists(String sku) {
    try (Cursor cursor = db.rawQuery(""SELECT 1 FROM inventory WHERE sku = '"" + sku + ""'"", null)) {
        return cursor.moveToNext();
    }
}";0;0;1
Case_006_AnkiDroid_SINTETICO_5_BUG;App de Navegação;android.database.Cursor;"public double getRouteDistance(String routeId) {
    Cursor cur = getDatabase().rawQuery(""SELECT distance_km FROM routes WHERE route_id = '"" + routeId + ""'"", null);
    if (cur.moveToFirst()) {
        return cur.getDouble(0);
    }
    return 0.0;
}

public boolean routeHasTolls(String routeId) {
    return getDatabase().rawQuery(""SELECT tolls FROM routes WHERE route_id = '"" + routeId + ""'"", null).moveToNext();
}";1;"public double getRouteDistance(String routeId) {
    Cursor cur = null;
    try {
        cur = getDatabase().rawQuery(""SELECT distance_km FROM routes WHERE route_id = ?"", new String[]{routeId});
        if (cur.moveToFirst()) {
            return cur.getDouble(0);
        }
        return 0.0;
    } finally {
        if (cur != null) {
            cur.close();
        }
    }
}

public boolean routeHasTolls(String routeId) {
    Cursor cur = null;
    try {
        cur = getDatabase().rawQuery(""SELECT tolls FROM routes WHERE route_id = ?"", new String[]{routeId});
        return cur.moveToFirst();
    } finally {
        if (cur != null) {
            cur.close();
        }
    }
}";"public double getRouteDistance(String routeId) {
    Cursor cur = null;
    try {
        cur = getDatabase().rawQuery(""SELECT distance_km FROM routes WHERE route_id = '"" + routeId + ""'"", null);
        if (cur.moveToFirst()) {
            return cur.getDouble(0);
        }
        return 0.0;
    } finally {
        if (cur != null) {
            cur.close();
        }
    }
}

public boolean routeHasTolls(String routeId) {
    Cursor cur = null;
    try {
        cur = getDatabase().rawQuery(""SELECT tolls FROM routes WHERE route_id = '"" + routeId + ""'"", null);
        return cur.moveToNext();
    } finally {
        if (cur != null) {
            cur.close();
        }
    }
}";"public double getRouteDistance(String routeId) {
    try (Cursor cur = getDatabase().rawQuery(""SELECT distance_km FROM routes WHERE route_id = '"" + routeId + ""'"", null)) {
        if (cur.moveToFirst()) {
            return cur.getDouble(0);
        }
    }
    return 0.0;
}

public boolean routeHasTolls(String routeId) {
    try (Cursor cur = getDatabase().rawQuery(""SELECT tolls FROM routes WHERE route_id = '"" + routeId + ""'"", null)) {
        return cur.moveToNext();
    }
}";0;0;1
Case_006_AnkiDroid_SINTETICO_6_BUG;App de Chat;android.database.Cursor;"public String getLastMessage(String conversationId) {
    Cursor c = sqlite.rawQuery(""SELECT message FROM messages WHERE conversation_id = '"" + conversationId + ""' ORDER BY sent_at DESC LIMIT 1"", null);
    if (c.moveToFirst()) {
        return c.getString(0);
    }
    return """";
}

public boolean hasUnreadMessages(String conversationId) {
    return sqlite.rawQuery(""SELECT 1 FROM messages WHERE conversation_id = '"" + conversationId + ""' AND read = 0"", null).moveToNext();
}";1;"public String getLastMessage(String conversationId) {
    Cursor c = null;
    try {
        c = sqlite.rawQuery(
            ""SELECT message FROM messages WHERE conversation_id = ? ORDER BY sent_at DESC LIMIT 1"",
            new String[]{conversationId}
        );
        if (c.moveToFirst()) {
            return c.getString(0);
        }
        return """";
    } finally {
        if (c != null) {
            c.close();
        }
    }
}

public boolean hasUnreadMessages(String conversationId) {
    Cursor c = null;
    try {
        c = sqlite.rawQuery(
            ""SELECT 1 FROM messages WHERE conversation_id = ? AND read = 0"",
            new String[]{conversationId}
        );
        return c.moveToNext();
    } finally {
        if (c != null) {
            c.close();
        }
    }
}";"public String getLastMessage(String conversationId) {
    Cursor c = sqlite.rawQuery(""SELECT message FROM messages WHERE conversation_id = '"" + conversationId + ""' ORDER BY sent_at DESC LIMIT 1"", null);
    try {
        if (c.moveToFirst()) {
            return c.getString(0);
        }
        return """";
    } finally {
        c.close();
    }
}

public boolean hasUnreadMessages(String conversationId) {
    Cursor c = sqlite.rawQuery(""SELECT 1 FROM messages WHERE conversation_id = '"" + conversationId + ""' AND read = 0"", null);
    try {
        return c.moveToNext();
    } finally {
        c.close();
    }
}";"public String getLastMessage(String conversationId) {
    try (Cursor c = sqlite.rawQuery(""SELECT message FROM messages WHERE conversation_id = '"" + conversationId + ""' ORDER BY sent_at DESC LIMIT 1"", null)) {
        if (c.moveToFirst()) {
            return c.getString(0);
        }
    }
    return """";
}

public boolean hasUnreadMessages(String conversationId) {
    try (Cursor c = sqlite.rawQuery(""SELECT 1 FROM messages WHERE conversation_id = '"" + conversationId + ""' AND read = 0"", null)) {
        return c.moveToNext();
    }
}";0;0;1
Case_006_AnkiDroid_SINTETICO_7_BUG;App de Receita/Culinária;android.database.Cursor;"public String getRecipeName(String recipeId) {
    Cursor cursor = db.rawQuery(""SELECT name FROM recipes WHERE id = '"" + recipeId + ""'"", null);
    if (cursor.moveToFirst()) {
        return cursor.getString(0);
    }
    return null;
}

public int getRecipeTime(String recipeId) {
    Cursor cursor = db.rawQuery(""SELECT time_minutes FROM recipes WHERE id = '"" + recipeId + ""'"", null);
    if (cursor.moveToFirst()) {
        return cursor.getInt(0);
    }
    return 0;
}";1;"public String getRecipeName(String recipeId) {
    Cursor cursor = null;
    try {
        cursor = db.rawQuery(""SELECT name FROM recipes WHERE id = ?"", new String[]{recipeId});
        if (cursor.moveToFirst()) {
            return cursor.getString(0);
        }
        return null;
    } finally {
        if (cursor != null) {
            cursor.close();
        }
    }
}

public int getRecipeTime(String recipeId) {
    Cursor cursor = null;
    try {
        cursor = db.rawQuery(""SELECT time_minutes FROM recipes WHERE id = ?"", new String[]{recipeId});
        if (cursor.moveToFirst()) {
            return cursor.getInt(0);
        }
        return 0;
    } finally {
        if (cursor != null) {
            cursor.close();
        }
    }
}";"public String getRecipeName(String recipeId) {
    Cursor cursor = db.rawQuery(""SELECT name FROM recipes WHERE id = '"" + recipeId + ""'"", null);
    try {
        if (cursor.moveToFirst()) {
            return cursor.getString(0);
        }
        return null;
    } finally {
        cursor.close();
    }
}

public int getRecipeTime(String recipeId) {
    Cursor cursor = db.rawQuery(""SELECT time_minutes FROM recipes WHERE id = '"" + recipeId + ""'"", null);
    try {
        if (cursor.moveToFirst()) {
            return cursor.getInt(0);
        }
        return 0;
    } finally {
        cursor.close();
    }
}";"public String getRecipeName(String recipeId) {
    try (Cursor cursor = db.rawQuery(""SELECT name FROM recipes WHERE id = '"" + recipeId + ""'"", null)) {
        if (cursor.moveToFirst()) {
            return cursor.getString(0);
        }
    }
    return null;
}

public int getRecipeTime(String recipeId) {
    try (Cursor cursor = db.rawQuery(""SELECT time_minutes FROM recipes WHERE id = '"" + recipeId + ""'"", null)) {
        if (cursor.moveToFirst()) {
            return cursor.getInt(0);
        }
    }
    return 0;
}";0;0;1
Case_006_AnkiDroid_SINTETICO_8_BUG;App de Fotos;android.database.Cursor;"public boolean photoExists(String photoId) {
    return database.rawQuery(""SELECT 1 FROM photos WHERE id = '"" + photoId + ""'"", null).moveToFirst();
}

public long getPhotoTimestamp(String photoId) {
    Cursor cur = database.rawQuery(""SELECT taken_at FROM photos WHERE id = '"" + photoId + ""'"", null);
    if (cur.moveToFirst()) {
        return cur.getLong(0);
    }
    return -1L;
}";1;"public boolean photoExists(String photoId) {
    Cursor cursor = null;
    try {
        cursor = database.rawQuery(""SELECT 1 FROM photos WHERE id = ?"", new String[]{photoId});
        return cursor.moveToFirst();
    } finally {
        if (cursor != null) {
            cursor.close();
        }
    }
}

public long getPhotoTimestamp(String photoId) {
    Cursor cur = null;
    try {
        cur = database.rawQuery(""SELECT taken_at FROM photos WHERE id = ?"", new String[]{photoId});
        if (cur.moveToFirst()) {
            return cur.getLong(0);
        }
        return -1L;
    } finally {
        if (cur != null) {
            cur.close();
        }
    }
}";"public boolean photoExists(String photoId) {
    Cursor cursor = database.rawQuery(""SELECT 1 FROM photos WHERE id = '"" + photoId + ""'"", null);
    try {
        return cursor.moveToFirst();
    } finally {
        cursor.close();
    }
}

public long getPhotoTimestamp(String photoId) {
    Cursor cur = database.rawQuery(""SELECT taken_at FROM photos WHERE id = '"" + photoId + ""'"", null);
    try {
        if (cur.moveToFirst()) {
            return cur.getLong(0);
        }
        return -1L;
    } finally {
        cur.close();
    }
}";"public boolean photoExists(String photoId) {
    try (Cursor cur = database.rawQuery(""SELECT 1 FROM photos WHERE id = '"" + photoId + ""'"", null)) {
        return cur.moveToFirst();
    }
}

public long getPhotoTimestamp(String photoId) {
    try (Cursor cur = database.rawQuery(""SELECT taken_at FROM photos WHERE id = '"" + photoId + ""'"", null)) {
        if (cur.moveToFirst()) {
            return cur.getLong(0);
        }
        return -1L;
    }
}";0;0;1
Case_006_AnkiDroid_SINTETICO_9_BUG;App de Transporte/Carpool;android.database.Cursor;"public int getAvailableSeats(String rideId) {
    Cursor c = db.rawQuery(""SELECT seats_left FROM rides WHERE id = '"" + rideId + ""'"", null);
    if (c.moveToFirst()) {
        return c.getInt(0);
    }
    return 0;
}

public boolean isRideActive(String rideId) {
    return db.rawQuery(""SELECT active FROM rides WHERE id = '"" + rideId + ""'"", null).moveToNext();
}";1;"public int getAvailableSeats(String rideId) {
    Cursor c = null;
    try {
        c = db.rawQuery(""SELECT seats_left FROM rides WHERE id = ?"", new String[]{rideId});
        if (c.moveToFirst()) {
            return c.getInt(0);
        }
        return 0;
    } finally {
        if (c != null) {
            c.close();
        }
    }
}

public boolean isRideActive(String rideId) {
    Cursor c = null;
    try {
        c = db.rawQuery(""SELECT active FROM rides WHERE id = ?"", new String[]{rideId});
        return c.moveToFirst();
    } finally {
        if (c != null) {
            c.close();
        }
    }
}";"public int getAvailableSeats(String rideId) {
    Cursor c = db.rawQuery(""SELECT seats_left FROM rides WHERE id = '"" + rideId + ""'"", null);
    try {
        if (c.moveToFirst()) {
            return c.getInt(0);
        }
        return 0;
    } finally {
        c.close();
    }
}

public boolean isRideActive(String rideId) {
    Cursor c = db.rawQuery(""SELECT active FROM rides WHERE id = '"" + rideId + ""'"", null);
    try {
        return c.moveToNext();
    } finally {
        c.close();
    }
}";"public int getAvailableSeats(String rideId) {
    try (Cursor c = db.rawQuery(""SELECT seats_left FROM rides WHERE id = '"" + rideId + ""'"", null)) {
        if (c.moveToFirst()) {
            return c.getInt(0);
        }
    }
    return 0;
}

public boolean isRideActive(String rideId) {
    try (Cursor c = db.rawQuery(""SELECT active FROM rides WHERE id = '"" + rideId + ""'"", null)) {
        return c.moveToNext();
    }
}";0;0;1
Case_006_AnkiDroid_SINTETICO_10_BUG;App de Saúde;android.database.Cursor;"public float getAverageHeartRate(String patientId) {
    Cursor cursor = db.rawQuery(""SELECT avg_hr FROM vitals WHERE patient_id = '"" + patientId + ""'"", null);
    if (cursor.moveToFirst()) {
        return cursor.getFloat(0);
    }
    return 0f;
}

public boolean hasRecentAlert(String patientId) {
    return db.rawQuery(""SELECT 1 FROM alerts WHERE patient_id = '"" + patientId + ""' AND acknowledged = 0"", null).moveToNext();
}";1;"public float getAverageHeartRate(String patientId) {
    Cursor cursor = null;
    try {
        cursor = db.rawQuery(""SELECT avg_hr FROM vitals WHERE patient_id = ?"", new String[]{patientId});
        if (cursor.moveToFirst()) {
            return cursor.getFloat(0);
        }
        return 0f;
    } finally {
        if (cursor != null) {
            cursor.close();
        }
    }
}

public boolean hasRecentAlert(String patientId) {
    Cursor cursor = null;
    try {
        cursor = db.rawQuery(""SELECT 1 FROM alerts WHERE patient_id = ? AND acknowledged = 0"", new String[]{patientId});
        return cursor.moveToNext();
    } finally {
        if (cursor != null) {
            cursor.close();
        }
    }
}";"public float getAverageHeartRate(String patientId) {
    Cursor cursor = db.rawQuery(""SELECT avg_hr FROM vitals WHERE patient_id = '"" + patientId + ""'"", null);
    try {
        if (cursor.moveToFirst()) {
            return cursor.getFloat(0);
        }
        return 0f;
    } finally {
        cursor.close();
    }
}

public boolean hasRecentAlert(String patientId) {
    Cursor cursor = db.rawQuery(""SELECT 1 FROM alerts WHERE patient_id = '"" + patientId + ""' AND acknowledged = 0"", null);
    try {
        return cursor.moveToNext();
    } finally {
        cursor.close();
    }
}";"public float getAverageHeartRate(String patientId) {
    try (Cursor cursor = db.rawQuery(""SELECT avg_hr FROM vitals WHERE patient_id = '"" + patientId + ""'"", null)) {
        if (cursor.moveToFirst()) {
            return cursor.getFloat(0);
        }
        return 0f;
    }
}

public boolean hasRecentAlert(String patientId) {
    try (Cursor cursor = db.rawQuery(""SELECT 1 FROM alerts WHERE patient_id = '"" + patientId + ""' AND acknowledged = 0"", null)) {
        return cursor.moveToNext();
    }
}";0;0;1
Case_029_Osmand_SINTETICO_1_BUG;App de Musica;android.database.Cursor;"public List<Song> loadRecentSongs(Context context) {
    List<Song> songs = new ArrayList<>();
    Cursor cursor = context.getContentResolver().query(
            MediaStore.Audio.Media.EXTERNAL_CONTENT_URI,
            new String[]{MediaStore.Audio.Media._ID, MediaStore.Audio.Media.TITLE},
            null,
            null,
            MediaStore.Audio.Media.DATE_ADDED + "" DESC"");
    if (cursor != null) {
        while (cursor.moveToNext()) {
            songs.add(new Song(cursor.getLong(0), cursor.getString(1)));
        }
    }
    return songs;
}";1;"public List<Song> loadRecentSongs(Context context) {
    List<Song> songs = new ArrayList<>();
    try (Cursor cursor = context.getContentResolver().query(
            MediaStore.Audio.Media.EXTERNAL_CONTENT_URI,
            new String[]{MediaStore.Audio.Media._ID, MediaStore.Audio.Media.TITLE},
            null,
            null,
            MediaStore.Audio.Media.DATE_ADDED + "" DESC"")) {
        if (cursor != null) {
            while (cursor.moveToNext()) {
                songs.add(new Song(cursor.getLong(0), cursor.getString(1)));
            }
        }
    }
    return songs;
}";"public List<Song> loadRecentSongs(Context context) {
    List<Song> songs = new ArrayList<>();
    Cursor cursor = null;
    try {
        cursor = context.getContentResolver().query(
                MediaStore.Audio.Media.EXTERNAL_CONTENT_URI,
                new String[]{MediaStore.Audio.Media._ID, MediaStore.Audio.Media.TITLE},
                null,
                null,
                MediaStore.Audio.Media.DATE_ADDED + "" DESC"");
        if (cursor != null) {
            while (cursor.moveToNext()) {
                songs.add(new Song(cursor.getLong(0), cursor.getString(1)));
            }
        }
    } finally {
        if (cursor != null) {
            cursor.close();
        }
    }
    return songs;
}";"public List<Song> loadRecentSongs(Context context) {
    List<Song> songs = new ArrayList<>();
    try (Cursor cursor = context.getContentResolver().query(
            MediaStore.Audio.Media.EXTERNAL_CONTENT_URI,
            new String[]{MediaStore.Audio.Media._ID, MediaStore.Audio.Media.TITLE},
            null,
            null,
            MediaStore.Audio.Media.DATE_ADDED + "" DESC"")) {
        if (cursor != null) {
            while (cursor.moveToNext()) {
                songs.add(new Song(cursor.getLong(0), cursor.getString(1)));
            }
        }
    }
    return songs;
}";1;0;1
Case_029_Osmand_SINTETICO_2_BUG;App de Scanner de Documentos;android.database.Cursor;"public List<PageInfo> getScannedPages(SQLiteDatabase db, long documentId) {
    List<PageInfo> pages = new ArrayList<>();
    Cursor cursor = db.rawQuery(
            ""SELECT page_number, file_path FROM scanned_pages WHERE document_id=? ORDER BY page_number"",
            new String[]{String.valueOf(documentId)});
    if (cursor.moveToFirst()) {
        do {
            pages.add(new PageInfo(cursor.getInt(0), cursor.getString(1)));
        } while (cursor.moveToNext());
    }
    return pages;
}";1;"public List<PageInfo> getScannedPages(SQLiteDatabase db, long documentId) {
    List<PageInfo> pages = new ArrayList<>();
    try (Cursor cursor = db.rawQuery(
            ""SELECT page_number, file_path FROM scanned_pages WHERE document_id=? ORDER BY page_number"",
            new String[]{String.valueOf(documentId)})) {
        if (cursor.moveToFirst()) {
            do {
                pages.add(new PageInfo(cursor.getInt(0), cursor.getString(1)));
            } while (cursor.moveToNext());
        }
    }
    return pages;
}";"public List<PageInfo> getScannedPages(SQLiteDatabase db, long documentId) {
    List<PageInfo> pages = new ArrayList<>();
    Cursor cursor = db.rawQuery(
            ""SELECT page_number, file_path FROM scanned_pages WHERE document_id=? ORDER BY page_number"",
            new String[]{String.valueOf(documentId)});
    try {
        if (cursor.moveToFirst()) {
            do {
                pages.add(new PageInfo(cursor.getInt(0), cursor.getString(1)));
            } while (cursor.moveToNext());
        }
    } finally {
        cursor.close();
    }
    return pages;
}";"public List<PageInfo> getScannedPages(SQLiteDatabase db, long documentId) {
    List<PageInfo> pages = new ArrayList<>();
    try (Cursor cursor = db.rawQuery(
            ""SELECT page_number, file_path FROM scanned_pages WHERE document_id=? ORDER BY page_number"",
            new String[]{String.valueOf(documentId)})) {
        if (cursor.moveToFirst()) {
            do {
                pages.add(new PageInfo(cursor.getInt(0), cursor.getString(1)));
            } while (cursor.moveToNext());
        }
    }
    return pages;
}";1;0;1
Case_029_Osmand_SINTETICO_3_BUG;App de Fitness;android.database.Cursor;"public int countCompletedWorkouts(SQLiteDatabase db, long userId) {
    int count = 0;
    Cursor cursor = db.query(
            ""workouts"",
            new String[]{""id""},
            ""user_id=? AND completed=1"",
            new String[]{String.valueOf(userId)},
            null,
            null,
            null);
    if (cursor != null && cursor.moveToFirst()) {
        do {
            count++;
        } while (cursor.moveToNext());
    }
    return count;
}";1;"public int countCompletedWorkouts(SQLiteDatabase db, long userId) {
    int count = 0;
    Cursor cursor = null;
    try {
        cursor = db.query(
                ""workouts"",
                new String[]{""id""},
                ""user_id=? AND completed=1"",
                new String[]{String.valueOf(userId)},
                null,
                null,
                null);
        if (cursor != null && cursor.moveToFirst()) {
            do {
                count++;
            } while (cursor.moveToNext());
        }
    } finally {
        if (cursor != null) {
            cursor.close();
        }
    }
    return count;
}";"public int countCompletedWorkouts(SQLiteDatabase db, long userId) {
    int count = 0;
    Cursor cursor = null;
    try {
        cursor = db.query(
                ""workouts"",
                new String[]{""id""},
                ""user_id=? AND completed=1"",
                new String[]{String.valueOf(userId)},
                null,
                null,
                null);
        if (cursor != null && cursor.moveToFirst()) {
            do {
                count++;
            } while (cursor.moveToNext());
        }
    } finally {
        if (cursor != null) {
            cursor.close();
        }
    }
    return count;
}";"public int countCompletedWorkouts(SQLiteDatabase db, long userId) {
    int count = 0;
    try (Cursor cursor = db.query(
            ""workouts"",
            new String[]{""id""},
            ""user_id=? AND completed=1"",
            new String[]{String.valueOf(userId)},
            null,
            null,
            null)) {
        if (cursor != null && cursor.moveToFirst()) {
            do {
                count++;
            } while (cursor.moveToNext());
        }
    }
    return count;
}";0;0;1
Case_029_Osmand_SINTETICO_4_BUG;App de E-commerce;android.database.Cursor;"public List<Product> loadWishlist(Context context, long customerId) {
    List<Product> products = new ArrayList<>();
    Cursor cursor = context.getContentResolver().query(
            Uri.parse(""content://com.shop.provider/wishlist""),
            new String[]{""product_id"", ""name"", ""price""},
            ""customer_id=?"",
            new String[]{String.valueOf(customerId)},
            ""added_at DESC"");
    if (cursor != null) {
        while (cursor.moveToNext()) {
            products.add(new Product(cursor.getLong(0), cursor.getString(1), cursor.getDouble(2)));
        }
    }
    return products;
}";1;"public List<Product> loadWishlist(Context context, long customerId) {
    List<Product> products = new ArrayList<>();
    try (Cursor cursor = context.getContentResolver().query(
            Uri.parse(""content://com.shop.provider/wishlist""),
            new String[]{""product_id"", ""name"", ""price""},
            ""customer_id=?"",
            new String[]{String.valueOf(customerId)},
            ""added_at DESC"")) {
        if (cursor != null) {
            while (cursor.moveToNext()) {
                products.add(new Product(cursor.getLong(0), cursor.getString(1), cursor.getDouble(2)));
            }
        }
    }
    return products;
}";"public List<Product> loadWishlist(Context context, long customerId) {
    List<Product> products = new ArrayList<>();
    Cursor cursor = null;
    try {
        cursor = context.getContentResolver().query(
                Uri.parse(""content://com.shop.provider/wishlist""),
                new String[]{""product_id"", ""name"", ""price""},
                ""customer_id=?"",
                new String[]{String.valueOf(customerId)},
                ""added_at DESC"");
        if (cursor != null) {
            while (cursor.moveToNext()) {
                products.add(new Product(cursor.getLong(0), cursor.getString(1), cursor.getDouble(2)));
            }
        }
    } finally {
        if (cursor != null) {
            cursor.close();
        }
    }
    return products;
}";"public List<Product> loadWishlist(Context context, long customerId) {
    List<Product> products = new ArrayList<>();
    try (Cursor cursor = context.getContentResolver().query(
            Uri.parse(""content://com.shop.provider/wishlist""),
            new String[]{""product_id"", ""name"", ""price""},
            ""customer_id=?"",
            new String[]{String.valueOf(customerId)},
            ""added_at DESC"")) {
        if (cursor != null) {
            while (cursor.moveToNext()) {
                products.add(new Product(cursor.getLong(0), cursor.getString(1), cursor.getDouble(2)));
            }
        }
    }
    return products;
}";1;0;1
Case_029_Osmand_SINTETICO_5_BUG;App de Notícias;android.database.Cursor;"public List<Article> getBookmarkedArticles(SQLiteDatabase db) {
    List<Article> result = new ArrayList<>();
    Cursor cursor = db.rawQuery(""SELECT id, title, url FROM articles WHERE bookmarked=1 ORDER BY updated_at DESC"", null);
    while (cursor != null && cursor.moveToNext()) {
        result.add(new Article(cursor.getLong(0), cursor.getString(1), cursor.getString(2)));
    }
    return result;
}";1;"public List<Article> getBookmarkedArticles(SQLiteDatabase db) {
    List<Article> result = new ArrayList<>();
    Cursor cursor = null;
    try {
        cursor = db.rawQuery(""SELECT id, title, url FROM articles WHERE bookmarked=1 ORDER BY updated_at DESC"", null);
        while (cursor != null && cursor.moveToNext()) {
            result.add(new Article(cursor.getLong(0), cursor.getString(1), cursor.getString(2)));
        }
    } finally {
        if (cursor != null) {
            cursor.close();
        }
    }
    return result;
}";"public List<Article> getBookmarkedArticles(SQLiteDatabase db) {
    List<Article> result = new ArrayList<>();
    Cursor cursor = null;
    try {
        cursor = db.rawQuery(""SELECT id, title, url FROM articles WHERE bookmarked=1 ORDER BY updated_at DESC"", null);
        while (cursor != null && cursor.moveToNext()) {
            result.add(new Article(cursor.getLong(0), cursor.getString(1), cursor.getString(2)));
        }
    } finally {
        if (cursor != null) {
            cursor.close();
        }
    }
    return result;
}";"public List<Article> getBookmarkedArticles(SQLiteDatabase db) {
    List<Article> result = new ArrayList<>();
    try (Cursor cursor = db.rawQuery(""SELECT id, title, url FROM articles WHERE bookmarked=1 ORDER BY updated_at DESC"", null)) {
        while (cursor != null && cursor.moveToNext()) {
            result.add(new Article(cursor.getLong(0), cursor.getString(1), cursor.getString(2)));
        }
    }
    return result;
}";0;0;1
Case_029_Osmand_SINTETICO_6_BUG;App de Mensagens;android.database.Cursor;"public List<Conversation> getActiveConversations(Context context) {
    List<Conversation> conversations = new ArrayList<>();
    Cursor cursor = context.getContentResolver().query(
            MessagesContract.Conversations.CONTENT_URI,
            new String[]{""_id"", ""title"", ""last_message""},
            ""archived=0"",
            null,
            ""last_message_time DESC"");
    if (cursor != null && cursor.moveToFirst()) {
        do {
            conversations.add(new Conversation(cursor.getLong(0), cursor.getString(1), cursor.getString(2)));
        } while (cursor.moveToNext());
    }
    return conversations;
}";1;"public List<Conversation> getActiveConversations(Context context) {
    List<Conversation> conversations = new ArrayList<>();
    try (Cursor cursor = context.getContentResolver().query(
            MessagesContract.Conversations.CONTENT_URI,
            new String[]{""_id"", ""title"", ""last_message""},
            ""archived=0"",
            null,
            ""last_message_time DESC"")) {
        if (cursor != null && cursor.moveToFirst()) {
            do {
                conversations.add(new Conversation(cursor.getLong(0), cursor.getString(1), cursor.getString(2)));
            } while (cursor.moveToNext());
        }
    }
    return conversations;
}";"public List<Conversation> getActiveConversations(Context context) {
    List<Conversation> conversations = new ArrayList<>();
    Cursor cursor = null;
    try {
        cursor = context.getContentResolver().query(
                MessagesContract.Conversations.CONTENT_URI,
                new String[]{""_id"", ""title"", ""last_message""},
                ""archived=0"",
                null,
                ""last_message_time DESC"");
        if (cursor != null && cursor.moveToFirst()) {
            do {
                conversations.add(new Conversation(cursor.getLong(0), cursor.getString(1), cursor.getString(2)));
            } while (cursor.moveToNext());
        }
    } finally {
        if (cursor != null) {
            cursor.close();
        }
    }
    return conversations;
}";"public List<Conversation> getActiveConversations(Context context) {
    List<Conversation> conversations = new ArrayList<>();
    try (Cursor cursor = context.getContentResolver().query(
            MessagesContract.Conversations.CONTENT_URI,
            new String[]{""_id"", ""title"", ""last_message""},
            ""archived=0"",
            null,
            ""last_message_time DESC"")) {
        if (cursor != null && cursor.moveToFirst()) {
            do {
                conversations.add(new Conversation(cursor.getLong(0), cursor.getString(1), cursor.getString(2)));
            } while (cursor.moveToNext());
        }
    }
    return conversations;
}";1;0;1
Case_029_Osmand_SINTETICO_7_BUG;App de Mapas;android.database.Cursor;"public List<PointOfInterest> findNearbyPlaces(SQLiteDatabase db, double lat, double lng) {
    List<PointOfInterest> list = new ArrayList<>();
    Cursor cursor = db.rawQuery(
            ""SELECT id, name, category FROM places WHERE lat BETWEEN ? AND ? AND lng BETWEEN ? AND ?"",
            new String[]{String.valueOf(lat - 0.01), String.valueOf(lat + 0.01), String.valueOf(lng - 0.01), String.valueOf(lng + 0.01)});
    if (cursor != null) {
        do {
            if (!cursor.moveToFirst()) break;
            list.add(new PointOfInterest(cursor.getLong(0), cursor.getString(1), cursor.getString(2)));
        } while (cursor.moveToNext());
    }
    return list;
}";1;"public List<PointOfInterest> findNearbyPlaces(SQLiteDatabase db, double lat, double lng) {
    List<PointOfInterest> list = new ArrayList<>();
    try (Cursor cursor = db.rawQuery(
            ""SELECT id, name, category FROM places WHERE lat BETWEEN ? AND ? AND lng BETWEEN ? AND ?"",
            new String[]{
                    String.valueOf(lat - 0.01),
                    String.valueOf(lat + 0.01),
                    String.valueOf(lng - 0.01),
                    String.valueOf(lng + 0.01)
            })) {
        if (cursor != null && cursor.moveToFirst()) {
            do {
                list.add(new PointOfInterest(cursor.getLong(0), cursor.getString(1), cursor.getString(2)));
            } while (cursor.moveToNext());
        }
    }
    return list;
}";"public List<PointOfInterest> findNearbyPlaces(SQLiteDatabase db, double lat, double lng) {
    List<PointOfInterest> list = new ArrayList<>();
    Cursor cursor = null;
    try {
        cursor = db.rawQuery(
                ""SELECT id, name, category FROM places WHERE lat BETWEEN ? AND ? AND lng BETWEEN ? AND ?"",
                new String[]{String.valueOf(lat - 0.01), String.valueOf(lat + 0.01), String.valueOf(lng - 0.01), String.valueOf(lng + 0.01)});
        if (cursor != null && cursor.moveToFirst()) {
            do {
                list.add(new PointOfInterest(cursor.getLong(0), cursor.getString(1), cursor.getString(2)));
            } while (cursor.moveToNext());
        }
    } finally {
        if (cursor != null) {
            cursor.close();
        }
    }
    return list;
}";"public List<PointOfInterest> findNearbyPlaces(SQLiteDatabase db, double lat, double lng) {
    List<PointOfInterest> list = new ArrayList<>();
    Cursor cursor = db.rawQuery(
            ""SELECT id, name, category FROM places WHERE lat BETWEEN ? AND ? AND lng BETWEEN ? AND ?"",
            new String[]{String.valueOf(lat - 0.01), String.valueOf(lat + 0.01), String.valueOf(lng - 0.01), String.valueOf(lng + 0.01)});
    if (cursor != null) {
        try {
            if (cursor.moveToFirst()) {
                do {
                    list.add(new PointOfInterest(cursor.getLong(0), cursor.getString(1), cursor.getString(2)));
                } while (cursor.moveToNext());
            }
        } finally {
            cursor.close();
        }
    }
    return list;
}";1;0;0
Case_029_Osmand_SINTETICO_8_BUG;App de Leitura de E-books;android.database.Cursor;"public List<Highlight> loadHighlights(Context context, long bookId) {
    List<Highlight> highlights = new ArrayList<>();
    Cursor cursor = context.getContentResolver().query(
            Uri.parse(""content://com.reader.highlights/highlights""),
            new String[]{""_id"", ""text"", ""page""},
            ""book_id=?"",
            new String[]{String.valueOf(bookId)},
            ""page ASC"");
    if (cursor != null) {
        while (cursor.moveToNext()) {
            highlights.add(new Highlight(cursor.getLong(0), cursor.getString(1), cursor.getInt(2)));
        }
    }
    return highlights;
}";1;"public List<Highlight> loadHighlights(Context context, long bookId) {
    List<Highlight> highlights = new ArrayList<>();
    try (Cursor cursor = context.getContentResolver().query(
            Uri.parse(""content://com.reader.highlights/highlights""),
            new String[]{""_id"", ""text"", ""page""},
            ""book_id=?"",
            new String[]{String.valueOf(bookId)},
            ""page ASC"")) {
        if (cursor != null) {
            while (cursor.moveToNext()) {
                highlights.add(new Highlight(cursor.getLong(0), cursor.getString(1), cursor.getInt(2)));
            }
        }
    }
    return highlights;
}";"public List<Highlight> loadHighlights(Context context, long bookId) {
    List<Highlight> highlights = new ArrayList<>();
    Cursor cursor = null;
    try {
        cursor = context.getContentResolver().query(
                Uri.parse(""content://com.reader.highlights/highlights""),
                new String[]{""_id"", ""text"", ""page""},
                ""book_id=?"",
                new String[]{String.valueOf(bookId)},
                ""page ASC"");
        if (cursor != null) {
            while (cursor.moveToNext()) {
                highlights.add(new Highlight(cursor.getLong(0), cursor.getString(1), cursor.getInt(2)));
            }
        }
    } finally {
        if (cursor != null) {
            cursor.close();
        }
    }
    return highlights;
}";"public List<Highlight> loadHighlights(Context context, long bookId) {
    List<Highlight> highlights = new ArrayList<>();
    try (Cursor cursor = context.getContentResolver().query(
            Uri.parse(""content://com.reader.highlights/highlights""),
            new String[]{""_id"", ""text"", ""page""},
            ""book_id=?"",
            new String[]{String.valueOf(bookId)},
            ""page ASC"")) {
        if (cursor != null) {
            while (cursor.moveToNext()) {
                highlights.add(new Highlight(cursor.getLong(0), cursor.getString(1), cursor.getInt(2)));
            }
        }
    }
    return highlights;
}";1;0;1
Case_029_Osmand_SINTETICO_9_BUG;App de Receitas;android.database.Cursor;"public List<Recipe> searchRecipes(SQLiteDatabase db, String queryText) {
    List<Recipe> recipes = new ArrayList<>();
    Cursor cursor = db.rawQuery(
            ""SELECT id, title, prep_time FROM recipes WHERE title LIKE ?"",
            new String[]{""%"" + queryText + ""%""});
    if (cursor.moveToFirst()) {
        do {
            recipes.add(new Recipe(cursor.getLong(0), cursor.getString(1), cursor.getInt(2)));
        } while (cursor.moveToNext());
    }
    return recipes;
}";1;"public List<Recipe> searchRecipes(SQLiteDatabase db, String queryText) {
    List<Recipe> recipes = new ArrayList<>();
    try (Cursor cursor = db.rawQuery(
            ""SELECT id, title, prep_time FROM recipes WHERE title LIKE ?"",
            new String[]{""%"" + queryText + ""%""})) {
        if (cursor.moveToFirst()) {
            do {
                recipes.add(new Recipe(cursor.getLong(0), cursor.getString(1), cursor.getInt(2)));
            } while (cursor.moveToNext());
        }
    }
    return recipes;
}";"public List<Recipe> searchRecipes(SQLiteDatabase db, String queryText) {
    List<Recipe> recipes = new ArrayList<>();
    Cursor cursor = db.rawQuery(
            ""SELECT id, title, prep_time FROM recipes WHERE title LIKE ?"",
            new String[]{""%"" + queryText + ""%""});
    try {
        if (cursor.moveToFirst()) {
            do {
                recipes.add(new Recipe(cursor.getLong(0), cursor.getString(1), cursor.getInt(2)));
            } while (cursor.moveToNext());
        }
    } finally {
        cursor.close();
    }
    return recipes;
}";"public List<Recipe> searchRecipes(SQLiteDatabase db, String queryText) {
    List<Recipe> recipes = new ArrayList<>();
    try (Cursor cursor = db.rawQuery(
            ""SELECT id, title, prep_time FROM recipes WHERE title LIKE ?"",
            new String[]{""%"" + queryText + ""%""})) {
        if (cursor.moveToFirst()) {
            do {
                recipes.add(new Recipe(cursor.getLong(0), cursor.getString(1), cursor.getInt(2)));
            } while (cursor.moveToNext());
        }
    }
    return recipes;
}";1;0;1
Case_029_Osmand_SINTETICO_10_BUG;App de Viagens;android.database.Cursor;"public List<Hotel> getSavedHotels(Context context) {
    List<Hotel> hotels = new ArrayList<>();
    Cursor cursor = context.getContentResolver().query(
            Uri.parse(""content://com.travel.provider/hotels""),
            new String[]{""hotel_id"", ""name"", ""city""},
            ""saved=1"",
            null,
            ""rating DESC"");
    if (cursor != null && cursor.moveToFirst()) {
        do {
            hotels.add(new Hotel(cursor.getLong(0), cursor.getString(1), cursor.getString(2)));
        } while (cursor.moveToNext());
    }
    return hotels;
}";1;"public List<Hotel> getSavedHotels(Context context) {
    List<Hotel> hotels = new ArrayList<>();
    try (Cursor cursor = context.getContentResolver().query(
            Uri.parse(""content://com.travel.provider/hotels""),
            new String[]{""hotel_id"", ""name"", ""city""},
            ""saved=1"",
            null,
            ""rating DESC"")) {
        if (cursor != null && cursor.moveToFirst()) {
            do {
                hotels.add(new Hotel(cursor.getLong(0), cursor.getString(1), cursor.getString(2)));
            } while (cursor.moveToNext());
        }
    }
    return hotels;
}";"public List<Hotel> getSavedHotels(Context context) {
    List<Hotel> hotels = new ArrayList<>();
    Cursor cursor = null;
    try {
        cursor = context.getContentResolver().query(
                Uri.parse(""content://com.travel.provider/hotels""),
                new String[]{""hotel_id"", ""name"", ""city""},
                ""saved=1"",
                null,
                ""rating DESC"");
        if (cursor != null && cursor.moveToFirst()) {
            do {
                hotels.add(new Hotel(cursor.getLong(0), cursor.getString(1), cursor.getString(2)));
            } while (cursor.moveToNext());
        }
    } finally {
        if (cursor != null) {
            cursor.close();
        }
    }
    return hotels;
}";"public List<Hotel> getSavedHotels(Context context) {
    List<Hotel> hotels = new ArrayList<>();
    try (Cursor cursor = context.getContentResolver().query(
            Uri.parse(""content://com.travel.provider/hotels""),
            new String[]{""hotel_id"", ""name"", ""city""},
            ""saved=1"",
            null,
            ""rating DESC"")) {
        if (cursor != null && cursor.moveToFirst()) {
            do {
                hotels.add(new Hotel(cursor.getLong(0), cursor.getString(1), cursor.getString(2)));
            } while (cursor.moveToNext());
        }
    }
    return hotels;
}";1;0;1
Case_029_Osmand_SINTETICO_11_BUG;App de Educação;android.database.Cursor;"public List<StudentGrade> loadGrades(SQLiteDatabase db, long classId) {
    List<StudentGrade> grades = new ArrayList<>();
    Cursor cursor = db.query(
            ""grades"",
            new String[]{""student_id"", ""score"", ""subject""},
            ""class_id=?"",
            new String[]{String.valueOf(classId)},
            null,
            null,
            ""subject ASC"");
    while (cursor != null && cursor.moveToNext()) {
        grades.add(new StudentGrade(cursor.getLong(0), cursor.getFloat(1), cursor.getString(2)));
    }
    return grades;
}";1;"public List<StudentGrade> loadGrades(SQLiteDatabase db, long classId) {
    List<StudentGrade> grades = new ArrayList<>();
    try (Cursor cursor = db.query(
            ""grades"",
            new String[]{""student_id"", ""score"", ""subject""},
            ""class_id=?"",
            new String[]{String.valueOf(classId)},
            null,
            null,
            ""subject ASC"")) {
        while (cursor != null && cursor.moveToNext()) {
            grades.add(new StudentGrade(cursor.getLong(0), cursor.getFloat(1), cursor.getString(2)));
        }
    }
    return grades;
}";"public List<StudentGrade> loadGrades(SQLiteDatabase db, long classId) {
    List<StudentGrade> grades = new ArrayList<>();
    Cursor cursor = null;
    try {
        cursor = db.query(
                ""grades"",
                new String[]{""student_id"", ""score"", ""subject""},
                ""class_id=?"",
                new String[]{String.valueOf(classId)},
                null,
                null,
                ""subject ASC"");
        while (cursor != null && cursor.moveToNext()) {
            grades.add(new StudentGrade(cursor.getLong(0), cursor.getFloat(1), cursor.getString(2)));
        }
    } finally {
        if (cursor != null) {
            cursor.close();
        }
    }
    return grades;
}";"public List<StudentGrade> loadGrades(SQLiteDatabase db, long classId) {
    List<StudentGrade> grades = new ArrayList<>();
    try (Cursor cursor = db.query(
            ""grades"",
            new String[]{""student_id"", ""score"", ""subject""},
            ""class_id=?"",
            new String[]{String.valueOf(classId)},
            null,
            null,
            ""subject ASC"")) {
        while (cursor != null && cursor.moveToNext()) {
            grades.add(new StudentGrade(cursor.getLong(0), cursor.getFloat(1), cursor.getString(2)));
        }
    }
    return grades;
}";1;0;1
Case_049_Owncloud_SINTETICO_1_BUG;App de Musica;android.database.Cursor;"Cursor c = null;
try {
    c = db.query(TracksTable.TABLE, new String[]{TracksTable.COL_URL}, TracksTable.COL_ID + ""=?"", new String[]{trackId}, null, null, null);
    if (c != null && c.moveToFirst()) {
        streamUrl = c.getString(c.getColumnIndex(TracksTable.COL_URL));
    }
    player.prepare(streamUrl);
} finally {
    // cursor not closed
}";1;"try (Cursor c = db.query(TracksTable.TABLE, new String[]{TracksTable.COL_URL}, TracksTable.COL_ID + ""=?"", new String[]{trackId}, null, null, null)) {
    if (c != null && c.moveToFirst()) {
        streamUrl = c.getString(c.getColumnIndex(TracksTable.COL_URL));
    }
    player.prepare(streamUrl);
}";"Cursor c = null;
try {
    c = db.query(TracksTable.TABLE, new String[]{TracksTable.COL_URL}, TracksTable.COL_ID + ""=?"", new String[]{trackId}, null, null, null);
    if (c != null && c.moveToFirst()) {
        streamUrl = c.getString(c.getColumnIndex(TracksTable.COL_URL));
    }
    player.prepare(streamUrl);
} finally {
    if (c != null) {
        c.close();
    }
}";"Cursor c = null;
try {
    c = db.query(TracksTable.TABLE, new String[]{TracksTable.COL_URL}, TracksTable.COL_ID + ""=?"", new String[]{trackId}, null, null, null);
    if (c != null && c.moveToFirst()) {
        streamUrl = c.getString(c.getColumnIndex(TracksTable.COL_URL));
    }
    player.prepare(streamUrl);
} finally {
    if (c != null) {
        c.close();
    }
}";1;0;0
Case_049_Owncloud_SINTETICO_2_BUG;App de Scanner de Documentos;android.database.Cursor;"Cursor cursor = resolver.query(docUri, projection, null, null, null);
if (cursor != null && cursor.moveToFirst()) {
    fileName = cursor.getString(cursor.getColumnIndex(MediaStore.MediaColumns.DISPLAY_NAME));
    pageCount = cursor.getInt(cursor.getColumnIndex(ScanTable.COL_PAGE_COUNT));
}
startUpload(fileName, pageCount);";1;"String fileName = null;
int pageCount = 0;

try (Cursor cursor = resolver.query(docUri, projection, null, null, null)) {
    if (cursor != null && cursor.moveToFirst()) {
        int fileNameIndex = cursor.getColumnIndex(MediaStore.MediaColumns.DISPLAY_NAME);
        int pageCountIndex = cursor.getColumnIndex(ScanTable.COL_PAGE_COUNT);

        if (fileNameIndex != -1) {
            fileName = cursor.getString(fileNameIndex);
        }
        if (pageCountIndex != -1) {
            pageCount = cursor.getInt(pageCountIndex);
        }
    }
}

startUpload(fileName, pageCount);";"Cursor cursor = null;
try {
    cursor = resolver.query(docUri, projection, null, null, null);
    if (cursor != null && cursor.moveToFirst()) {
        fileName = cursor.getString(cursor.getColumnIndex(MediaStore.MediaColumns.DISPLAY_NAME));
        pageCount = cursor.getInt(cursor.getColumnIndex(ScanTable.COL_PAGE_COUNT));
    }
} finally {
    if (cursor != null) {
        cursor.close();
    }
}
startUpload(fileName, pageCount);";"try (Cursor cursor = resolver.query(docUri, projection, null, null, null)) {
    if (cursor != null && cursor.moveToFirst()) {
        fileName = cursor.getString(cursor.getColumnIndex(MediaStore.MediaColumns.DISPLAY_NAME));
        pageCount = cursor.getInt(cursor.getColumnIndex(ScanTable.COL_PAGE_COUNT));
    }
}
startUpload(fileName, pageCount);";1;0;1
Case_049_Owncloud_SINTETICO_3_BUG;App de Fitness;android.database.Cursor;"Cursor c = workoutDb.rawQuery(""SELECT duration, calories FROM workouts WHERE session_id=?"", new String[]{sessionId});
if (c != null && c.moveToFirst()) {
    duration = c.getLong(0);
    calories = c.getFloat(1);
}
updateDashboard(duration, calories);";1;"long duration = 0L;
float calories = 0f;

try (Cursor c = workoutDb.rawQuery(""SELECT duration, calories FROM workouts WHERE session_id=?"", new String[]{sessionId})) {
    if (c != null && c.moveToFirst()) {
        duration = c.getLong(0);
        calories = c.getFloat(1);
    }
}

updateDashboard(duration, calories);";"Cursor c = null;
try {
    c = workoutDb.rawQuery(""SELECT duration, calories FROM workouts WHERE session_id=?"", new String[]{sessionId});
    if (c != null && c.moveToFirst()) {
        duration = c.getLong(0);
        calories = c.getFloat(1);
    }
} finally {
    if (c != null) {
        c.close();
    }
}
updateDashboard(duration, calories);";"try (Cursor c = workoutDb.rawQuery(""SELECT duration, calories FROM workouts WHERE session_id=?"", new String[]{sessionId})) {
    if (c != null && c.moveToFirst()) {
        duration = c.getLong(0);
        calories = c.getFloat(1);
    }
}
updateDashboard(duration, calories);";1;0;1
Case_049_Owncloud_SINTETICO_4_BUG;App de Chat;android.database.Cursor;"Cursor messages = db.query(MessagesTable.TABLE, null, MessagesTable.COL_THREAD_ID + ""=?"", new String[]{threadId}, null, null, MessagesTable.COL_CREATED_AT + "" DESC"");
if (messages != null && messages.moveToFirst()) {
    lastMessage = messages.getString(messages.getColumnIndex(MessagesTable.COL_TEXT));
}
renderPreview(lastMessage);";1;"Cursor messages = null;
try {
    messages = db.query(
        MessagesTable.TABLE,
        null,
        MessagesTable.COL_THREAD_ID + ""=?"",
        new String[]{threadId},
        null,
        null,
        MessagesTable.COL_CREATED_AT + "" DESC""
    );
    if (messages != null && messages.moveToFirst()) {
        lastMessage = messages.getString(messages.getColumnIndexOrThrow(MessagesTable.COL_TEXT));
    }
} finally {
    if (messages != null) {
        messages.close();
    }
}
renderPreview(lastMessage);";"Cursor messages = null;
try {
    messages = db.query(MessagesTable.TABLE, null, MessagesTable.COL_THREAD_ID + ""=?"", new String[]{threadId}, null, null, MessagesTable.COL_CREATED_AT + "" DESC"");
    if (messages != null && messages.moveToFirst()) {
        lastMessage = messages.getString(messages.getColumnIndex(MessagesTable.COL_TEXT));
    }
} finally {
    if (messages != null) {
        messages.close();
    }
}
renderPreview(lastMessage);";"try (Cursor messages = db.query(MessagesTable.TABLE, null, MessagesTable.COL_THREAD_ID + ""=?"", new String[]{threadId}, null, null, MessagesTable.COL_CREATED_AT + "" DESC"")) {
    if (messages != null && messages.moveToFirst()) {
        lastMessage = messages.getString(messages.getColumnIndex(MessagesTable.COL_TEXT));
    }
}
renderPreview(lastMessage);";0;0;1
Case_049_Owncloud_SINTETICO_5_BUG;App de Finanças;android.database.Cursor;"Cursor c = financeProvider.query(transactionsUri, new String[]{""amount"", ""category""}, ""account_id=?"", new String[]{accountId}, null);
if (c != null && c.moveToFirst()) {
    total = c.getDouble(c.getColumnIndex(""amount""));
    category = c.getString(c.getColumnIndex(""category""));
}
calculateSummary(total, category);";1;"double total = 0;
String category = null;

try (Cursor c = financeProvider.query(transactionsUri, new String[]{""amount"", ""category""}, ""account_id=?"", new String[]{accountId}, null)) {
    if (c != null && c.moveToFirst()) {
        total = c.getDouble(c.getColumnIndexOrThrow(""amount""));
        category = c.getString(c.getColumnIndexOrThrow(""category""));
    }
}

calculateSummary(total, category);";"Cursor c = null;
try {
    c = financeProvider.query(transactionsUri, new String[]{""amount"", ""category""}, ""account_id=?"", new String[]{accountId}, null);
    if (c != null && c.moveToFirst()) {
        total = c.getDouble(c.getColumnIndex(""amount""));
        category = c.getString(c.getColumnIndex(""category""));
    }
} finally {
    if (c != null) {
        c.close();
    }
}
calculateSummary(total, category);";"try (Cursor c = financeProvider.query(transactionsUri, new String[]{""amount"", ""category""}, ""account_id=?"", new String[]{accountId}, null)) {
    if (c != null && c.moveToFirst()) {
        total = c.getDouble(c.getColumnIndex(""amount""));
        category = c.getString(c.getColumnIndex(""category""));
    }
}
calculateSummary(total, category);";1;0;1
Case_049_Owncloud_SINTETICO_6_BUG;App de Mapas;android.database.Cursor;"Cursor cursor = geoDb.query(PlacesTable.TABLE, null, PlacesTable.COL_PLACE_ID + ""=?"", new String[]{placeId}, null, null, null);
if (cursor != null && cursor.moveToFirst()) {
    placeName = cursor.getString(cursor.getColumnIndex(PlacesTable.COL_NAME));
    latitude = cursor.getDouble(cursor.getColumnIndex(PlacesTable.COL_LAT));
    longitude = cursor.getDouble(cursor.getColumnIndex(PlacesTable.COL_LNG));
}
showMarker(placeName, latitude, longitude);";1;"try (Cursor cursor = geoDb.query(PlacesTable.TABLE, null, PlacesTable.COL_PLACE_ID + ""=?"", new String[]{placeId}, null, null, null)) {
    if (cursor != null && cursor.moveToFirst()) {
        placeName = cursor.getString(cursor.getColumnIndex(PlacesTable.COL_NAME));
        latitude = cursor.getDouble(cursor.getColumnIndex(PlacesTable.COL_LAT));
        longitude = cursor.getDouble(cursor.getColumnIndex(PlacesTable.COL_LNG));
    }
}
showMarker(placeName, latitude, longitude);";"Cursor cursor = null;
try {
    cursor = geoDb.query(PlacesTable.TABLE, null, PlacesTable.COL_PLACE_ID + ""=?"", new String[]{placeId}, null, null, null);
    if (cursor != null && cursor.moveToFirst()) {
        placeName = cursor.getString(cursor.getColumnIndex(PlacesTable.COL_NAME));
        latitude = cursor.getDouble(cursor.getColumnIndex(PlacesTable.COL_LAT));
        longitude = cursor.getDouble(cursor.getColumnIndex(PlacesTable.COL_LNG));
    }
} finally {
    if (cursor != null) {
        cursor.close();
    }
}
showMarker(placeName, latitude, longitude);";"try (Cursor cursor = geoDb.query(PlacesTable.TABLE, null, PlacesTable.COL_PLACE_ID + ""=?"", new String[]{placeId}, null, null, null)) {
    if (cursor != null && cursor.moveToFirst()) {
        placeName = cursor.getString(cursor.getColumnIndex(PlacesTable.COL_NAME));
        latitude = cursor.getDouble(cursor.getColumnIndex(PlacesTable.COL_LAT));
        longitude = cursor.getDouble(cursor.getColumnIndex(PlacesTable.COL_LNG));
    }
}
showMarker(placeName, latitude, longitude);";1;0;1
Case_049_Owncloud_SINTETICO_7_BUG;App de Compras;android.database.Cursor;"Cursor c = db.query(ProductsTable.TABLE, new String[]{ProductsTable.COL_PRICE}, ProductsTable.COL_SKU + ""=?"", new String[]{sku}, null, null, null);
if (c != null && c.moveToFirst()) {
    price = c.getBigDecimal(c.getColumnIndex(ProductsTable.COL_PRICE));
}
cartAdapter.updatePrice(price);";1;"Cursor c = null;
try {
    c = db.query(
        ProductsTable.TABLE,
        new String[]{ProductsTable.COL_PRICE},
        ProductsTable.COL_SKU + ""=?"",
        new String[]{sku},
        null,
        null,
        null
    );
    if (c != null && c.moveToFirst()) {
        price = c.getBigDecimal(c.getColumnIndexOrThrow(ProductsTable.COL_PRICE));
    }
} finally {
    if (c != null) {
        c.close();
    }
}
cartAdapter.updatePrice(price);";"Cursor c = null;
try {
    c = db.query(ProductsTable.TABLE, new String[]{ProductsTable.COL_PRICE}, ProductsTable.COL_SKU + ""=?"", new String[]{sku}, null, null, null);
    if (c != null && c.moveToFirst()) {
        price = c.getBigDecimal(c.getColumnIndex(ProductsTable.COL_PRICE));
    }
} finally {
    if (c != null) {
        c.close();
    }
}
cartAdapter.updatePrice(price);";"try (Cursor c = db.query(ProductsTable.TABLE, new String[]{ProductsTable.COL_PRICE}, ProductsTable.COL_SKU + ""=?"", new String[]{sku}, null, null, null)) {
    if (c != null && c.moveToFirst()) {
        price = c.getBigDecimal(c.getColumnIndex(ProductsTable.COL_PRICE));
    }
}
cartAdapter.updatePrice(price);";0;0;1
Case_049_Owncloud_SINTETICO_8_BUG;App de Educação;android.database.Cursor;"Cursor c = lessonDb.query(LessonsTable.TABLE, null, LessonsTable.COL_COURSE_ID + ""=?"", new String[]{courseId}, null, null, null);
if (c != null && c.moveToFirst()) {
    title = c.getString(c.getColumnIndex(LessonsTable.COL_TITLE));
    progress = c.getInt(c.getColumnIndex(LessonsTable.COL_PROGRESS));
}
refreshLessonUI(title, progress);";1;"Cursor c = null;
try {
    c = lessonDb.query(LessonsTable.TABLE, null, LessonsTable.COL_COURSE_ID + ""=?"", new String[]{courseId}, null, null, null);
    if (c != null && c.moveToFirst()) {
        title = c.getString(c.getColumnIndexOrThrow(LessonsTable.COL_TITLE));
        progress = c.getInt(c.getColumnIndexOrThrow(LessonsTable.COL_PROGRESS));
    }
} finally {
    if (c != null) {
        c.close();
    }
}
refreshLessonUI(title, progress);";"Cursor c = null;
try {
    c = lessonDb.query(LessonsTable.TABLE, null, LessonsTable.COL_COURSE_ID + ""=?"", new String[]{courseId}, null, null, null);
    if (c != null && c.moveToFirst()) {
        title = c.getString(c.getColumnIndex(LessonsTable.COL_TITLE));
        progress = c.getInt(c.getColumnIndex(LessonsTable.COL_PROGRESS));
    }
} finally {
    if (c != null) {
        c.close();
    }
}
refreshLessonUI(title, progress);";"Cursor c = lessonDb.query(LessonsTable.TABLE, null, LessonsTable.COL_COURSE_ID + ""=?"", new String[]{courseId}, null, null, null);
try {
    if (c != null && c.moveToFirst()) {
        title = c.getString(c.getColumnIndex(LessonsTable.COL_TITLE));
        progress = c.getInt(c.getColumnIndex(LessonsTable.COL_PROGRESS));
    }
} finally {
    if (c != null) {
        c.close();
    }
}
refreshLessonUI(title, progress);";0;0;0
Case_049_Owncloud_SINTETICO_9_BUG;App de Notícias;android.database.Cursor;"Cursor c = newsDb.rawQuery(""SELECT headline, source FROM articles WHERE article_id=?"", new String[]{articleId});
if (c != null && c.moveToFirst()) {
    headline = c.getString(0);
    source = c.getString(1);
}
bindArticle(headline, source);";1;"try (Cursor c = newsDb.rawQuery(""SELECT headline, source FROM articles WHERE article_id=?"", new String[]{articleId})) {
    if (c != null && c.moveToFirst()) {
        headline = c.getString(0);
        source = c.getString(1);
    }
}
bindArticle(headline, source);";"Cursor c = null;
try {
    c = newsDb.rawQuery(""SELECT headline, source FROM articles WHERE article_id=?"", new String[]{articleId});
    if (c != null && c.moveToFirst()) {
        headline = c.getString(0);
        source = c.getString(1);
    }
} finally {
    if (c != null) {
        c.close();
    }
}
bindArticle(headline, source);";"try (Cursor c = newsDb.rawQuery(""SELECT headline, source FROM articles WHERE article_id=?"", new String[]{articleId})) {
    if (c != null && c.moveToFirst()) {
        headline = c.getString(0);
        source = c.getString(1);
    }
}
bindArticle(headline, source);";1;0;1
Case_049_Owncloud_SINTETICO_10_BUG;App de Receita Culinária;android.database.Cursor;"Cursor cursor = db.query(RecipesTable.TABLE, null, RecipesTable.COL_RECIPE_ID + ""=?"", new String[]{recipeId}, null, null, null);
if (cursor != null && cursor.moveToFirst()) {
    servings = cursor.getInt(cursor.getColumnIndex(RecipesTable.COL_SERVINGS));
    prepTime = cursor.getInt(cursor.getColumnIndex(RecipesTable.COL_PREP_TIME));
}
updateRecipeCard(servings, prepTime);";1;"try (Cursor cursor = db.query(RecipesTable.TABLE, null, RecipesTable.COL_RECIPE_ID + ""=?"", new String[]{recipeId}, null, null, null)) {
    if (cursor != null && cursor.moveToFirst()) {
        servings = cursor.getInt(cursor.getColumnIndexOrThrow(RecipesTable.COL_SERVINGS));
        prepTime = cursor.getInt(cursor.getColumnIndexOrThrow(RecipesTable.COL_PREP_TIME));
    }
}
updateRecipeCard(servings, prepTime);";"Cursor cursor = null;
try {
    cursor = db.query(RecipesTable.TABLE, null, RecipesTable.COL_RECIPE_ID + ""=?"", new String[]{recipeId}, null, null, null);
    if (cursor != null && cursor.moveToFirst()) {
        servings = cursor.getInt(cursor.getColumnIndex(RecipesTable.COL_SERVINGS));
        prepTime = cursor.getInt(cursor.getColumnIndex(RecipesTable.COL_PREP_TIME));
    }
} finally {
    if (cursor != null) {
        cursor.close();
    }
}
updateRecipeCard(servings, prepTime);";"try (Cursor cursor = db.query(RecipesTable.TABLE, null, RecipesTable.COL_RECIPE_ID + ""=?"", new String[]{recipeId}, null, null, null)) {
    if (cursor != null && cursor.moveToFirst()) {
        servings = cursor.getInt(cursor.getColumnIndex(RecipesTable.COL_SERVINGS));
        prepTime = cursor.getInt(cursor.getColumnIndex(RecipesTable.COL_PREP_TIME));
    }
}
updateRecipeCard(servings, prepTime);";1;0;1
Case_049_Owncloud_SINTETICO_11_BUG;App de Transporte;android.database.Cursor;"Cursor c = routeDb.query(RoutesTable.TABLE, new String[]{RoutesTable.COL_DISTANCE, RoutesTable.COL_DURATION}, RoutesTable.COL_ROUTE_ID + ""=?"", new String[]{routeId}, null, null, null);
if (c != null && c.moveToFirst()) {
    distance = c.getFloat(c.getColumnIndex(RoutesTable.COL_DISTANCE));
    duration = c.getLong(c.getColumnIndex(RoutesTable.COL_DURATION));
}
showTripEstimate(distance, duration);";1;"float distance = 0f;
long duration = 0L;

try (Cursor c = routeDb.query(
        RoutesTable.TABLE,
        new String[]{RoutesTable.COL_DISTANCE, RoutesTable.COL_DURATION},
        RoutesTable.COL_ROUTE_ID + ""=?"",
        new String[]{routeId},
        null,
        null,
        null)) {
    if (c != null && c.moveToFirst()) {
        distance = c.getFloat(c.getColumnIndexOrThrow(RoutesTable.COL_DISTANCE));
        duration = c.getLong(c.getColumnIndexOrThrow(RoutesTable.COL_DURATION));
    }
}

showTripEstimate(distance, duration);";"Cursor c = null;
try {
    c = routeDb.query(RoutesTable.TABLE, new String[]{RoutesTable.COL_DISTANCE, RoutesTable.COL_DURATION}, RoutesTable.COL_ROUTE_ID + ""=?"", new String[]{routeId}, null, null, null);
    if (c != null && c.moveToFirst()) {
        distance = c.getFloat(c.getColumnIndex(RoutesTable.COL_DISTANCE));
        duration = c.getLong(c.getColumnIndex(RoutesTable.COL_DURATION));
    }
} finally {
    if (c != null) {
        c.close();
    }
}
showTripEstimate(distance, duration);";"try (Cursor c = routeDb.query(RoutesTable.TABLE, new String[]{RoutesTable.COL_DISTANCE, RoutesTable.COL_DURATION}, RoutesTable.COL_ROUTE_ID + ""=?"", new String[]{routeId}, null, null, null)) {
    if (c != null && c.moveToFirst()) {
        distance = c.getFloat(c.getColumnIndex(RoutesTable.COL_DISTANCE));
        duration = c.getLong(c.getColumnIndex(RoutesTable.COL_DURATION));
    }
}
showTripEstimate(distance, duration);";1;0;1
Case_069_OSMTracker_SINTETICO_1_BUG;App de Musica;android.database.Cursor;"Cursor cursor = db.rawQuery(""SELECT _id, title FROM tracks WHERE favorite=1"", null);
if (cursor.moveToFirst()) {
    do {
        long trackId = cursor.getLong(0);
        playTrack(trackId);
    } while (cursor.moveToNext());
}";1;"Cursor cursor = null;
try {
    cursor = db.rawQuery(""SELECT _id, title FROM tracks WHERE favorite=1"", null);
    if (cursor.moveToFirst()) {
        do {
            long trackId = cursor.getLong(0);
            playTrack(trackId);
        } while (cursor.moveToNext());
    }
} finally {
    if (cursor != null) {
        cursor.close();
    }
}";"Cursor cursor = null;
try {
    cursor = db.rawQuery(""SELECT _id, title FROM tracks WHERE favorite=1"", null);
    if (cursor.moveToFirst()) {
        do {
            long trackId = cursor.getLong(0);
            playTrack(trackId);
        } while (cursor.moveToNext());
    }
} finally {
    if (cursor != null) {
        cursor.close();
    }
}";"try (Cursor cursor = db.rawQuery(""SELECT _id, title FROM tracks WHERE favorite=1"", null)) {
    if (cursor.moveToFirst()) {
        do {
            long trackId = cursor.getLong(0);
            playTrack(trackId);
        } while (cursor.moveToNext());
    }
}";0;0;1
Case_069_OSMTracker_SINTETICO_2_BUG;App de Scanner;android.database.Cursor;"Cursor cursor = getContentResolver().query(scansUri, new String[]{""_id"", ""path""}, ""type=?"", new String[]{""pdf""}, ""created_at DESC"");
while (cursor != null && cursor.moveToNext()) {
    String path = cursor.getString(1);
    processScannedFile(path);
}";1;"Cursor cursor = null;
try {
    cursor = getContentResolver().query(
        scansUri,
        new String[]{""_id"", ""path""},
        ""type=?"",
        new String[]{""pdf""},
        ""created_at DESC""
    );
    while (cursor != null && cursor.moveToNext()) {
        String path = cursor.getString(1);
        processScannedFile(path);
    }
} finally {
    if (cursor != null) {
        cursor.close();
    }
}";"Cursor cursor = null;
try {
    cursor = getContentResolver().query(scansUri, new String[]{""_id"", ""path""}, ""type=?"", new String[]{""pdf""}, ""created_at DESC"");
    while (cursor != null && cursor.moveToNext()) {
        String path = cursor.getString(1);
        processScannedFile(path);
    }
} finally {
    if (cursor != null) {
        cursor.close();
    }
}";"try (Cursor cursor = getContentResolver().query(scansUri, new String[]{""_id"", ""path""}, ""type=?"", new String[]{""pdf""}, ""created_at DESC"")) {
    while (cursor != null && cursor.moveToNext()) {
        String path = cursor.getString(1);
        processScannedFile(path);
    }
}";0;0;1
Case_069_OSMTracker_SINTETICO_3_BUG;App de Fitness;android.database.Cursor;"Cursor cursor = workoutDb.query(""sessions"", new String[]{""duration"", ""calories""}, ""day=?"", new String[]{selectedDay}, null, null, null);
if (cursor.moveToFirst()) {
    int durationCol = cursor.getColumnIndex(""duration"");
    int caloriesCol = cursor.getColumnIndex(""calories"");
    updateSummary(cursor.getInt(durationCol), cursor.getInt(caloriesCol));
}";1;"try (Cursor cursor = workoutDb.query(""sessions"", new String[]{""duration"", ""calories""}, ""day=?"", new String[]{selectedDay}, null, null, null)) {
    if (cursor != null && cursor.moveToFirst()) {
        int durationCol = cursor.getColumnIndex(""duration"");
        int caloriesCol = cursor.getColumnIndex(""calories"");
        updateSummary(cursor.getInt(durationCol), cursor.getInt(caloriesCol));
    }
}";"Cursor cursor = null;
try {
    cursor = workoutDb.query(""sessions"", new String[]{""duration"", ""calories""}, ""day=?"", new String[]{selectedDay}, null, null, null);
    if (cursor.moveToFirst()) {
        int durationCol = cursor.getColumnIndex(""duration"");
        int caloriesCol = cursor.getColumnIndex(""calories"");
        updateSummary(cursor.getInt(durationCol), cursor.getInt(caloriesCol));
    }
} finally {
    if (cursor != null) {
        cursor.close();
    }
}";"try (Cursor cursor = workoutDb.query(""sessions"", new String[]{""duration"", ""calories""}, ""day=?"", new String[]{selectedDay}, null, null, null)) {
    if (cursor != null && cursor.moveToFirst()) {
        int durationCol = cursor.getColumnIndex(""duration"");
        int caloriesCol = cursor.getColumnIndex(""calories"");
        updateSummary(cursor.getInt(durationCol), cursor.getInt(caloriesCol));
    }
}";1;0;1
Case_069_OSMTracker_SINTETICO_4_BUG;App de Contactos;android.database.Cursor;"Cursor cursor = getContentResolver().query(ContactsContract.CommonDataKinds.Phone.CONTENT_URI,
        new String[]{ContactsContract.CommonDataKinds.Phone.DISPLAY_NAME, ContactsContract.CommonDataKinds.Phone.NUMBER},
        null, null, null);
if (cursor != null && cursor.moveToFirst()) {
    do {
        String name = cursor.getString(0);
        String phone = cursor.getString(1);
        cacheContact(name, phone);
    } while (cursor.moveToNext());
}";1;"try (Cursor cursor = getContentResolver().query(
        ContactsContract.CommonDataKinds.Phone.CONTENT_URI,
        new String[]{ContactsContract.CommonDataKinds.Phone.DISPLAY_NAME, ContactsContract.CommonDataKinds.Phone.NUMBER},
        null, null, null)) {
    if (cursor != null && cursor.moveToFirst()) {
        do {
            String name = cursor.getString(0);
            String phone = cursor.getString(1);
            cacheContact(name, phone);
        } while (cursor.moveToNext());
    }
}";"Cursor cursor = null;
try {
    cursor = getContentResolver().query(ContactsContract.CommonDataKinds.Phone.CONTENT_URI,
            new String[]{ContactsContract.CommonDataKinds.Phone.DISPLAY_NAME, ContactsContract.CommonDataKinds.Phone.NUMBER},
            null, null, null);
    if (cursor != null && cursor.moveToFirst()) {
        do {
            String name = cursor.getString(0);
            String phone = cursor.getString(1);
            cacheContact(name, phone);
        } while (cursor.moveToNext());
    }
} finally {
    if (cursor != null) {
        cursor.close();
    }
}";"try (Cursor cursor = getContentResolver().query(ContactsContract.CommonDataKinds.Phone.CONTENT_URI,
        new String[]{ContactsContract.CommonDataKinds.Phone.DISPLAY_NAME, ContactsContract.CommonDataKinds.Phone.NUMBER},
        null, null, null)) {
    if (cursor != null && cursor.moveToFirst()) {
        do {
            String name = cursor.getString(0);
            String phone = cursor.getString(1);
            cacheContact(name, phone);
        } while (cursor.moveToNext());
    }
}";1;0;1
Case_069_OSMTracker_SINTETICO_5_BUG;App de Mapas;android.database.Cursor;"Cursor cursor = geoDb.rawQuery(""SELECT lat, lng FROM saved_places WHERE category=?"", new String[]{category});
while (cursor.moveToNext()) {
    double lat = cursor.getDouble(0);
    double lng = cursor.getDouble(1);
    addMarker(lat, lng);
}";1;"Cursor cursor = null;
try {
    cursor = geoDb.rawQuery(""SELECT lat, lng FROM saved_places WHERE category=?"", new String[]{category});
    while (cursor.moveToNext()) {
        double lat = cursor.getDouble(0);
        double lng = cursor.getDouble(1);
        addMarker(lat, lng);
    }
} finally {
    if (cursor != null) {
        cursor.close();
    }
}";"Cursor cursor = null;
try {
    cursor = geoDb.rawQuery(""SELECT lat, lng FROM saved_places WHERE category=?"", new String[]{category});
    while (cursor.moveToNext()) {
        double lat = cursor.getDouble(0);
        double lng = cursor.getDouble(1);
        addMarker(lat, lng);
    }
} finally {
    if (cursor != null) {
        cursor.close();
    }
}";"try (Cursor cursor = geoDb.rawQuery(""SELECT lat, lng FROM saved_places WHERE category=?"", new String[]{category})) {
    while (cursor.moveToNext()) {
        double lat = cursor.getDouble(0);
        double lng = cursor.getDouble(1);
        addMarker(lat, lng);
    }
}";0;0;1
Case_069_OSMTracker_SINTETICO_6_BUG;App de Compras;android.database.Cursor;"Cursor cursor = cartDb.query(""products"", new String[]{""name"", ""price""}, ""in_cart=1"", null, null, null, ""added_at DESC"");
if (cursor.moveToFirst()) {
    do {
        String name = cursor.getString(0);
        double price = cursor.getDouble(1);
        showCartItem(name, price);
    } while (cursor.moveToNext());
}";1;"try (Cursor cursor = cartDb.query(""products"", new String[]{""name"", ""price""}, ""in_cart=1"", null, null, null, ""added_at DESC"")) {
    if (cursor != null && cursor.moveToFirst()) {
        do {
            String name = cursor.getString(0);
            double price = cursor.getDouble(1);
            showCartItem(name, price);
        } while (cursor.moveToNext());
    }
}";"Cursor cursor = cartDb.query(""products"", new String[]{""name"", ""price""}, ""in_cart=1"", null, null, null, ""added_at DESC"");
try {
    if (cursor.moveToFirst()) {
        do {
            String name = cursor.getString(0);
            double price = cursor.getDouble(1);
            showCartItem(name, price);
        } while (cursor.moveToNext());
    }
} finally {
    if (cursor != null) {
        cursor.close();
    }
}";"try (Cursor cursor = cartDb.query(""products"", new String[]{""name"", ""price""}, ""in_cart=1"", null, null, null, ""added_at DESC"")) {
    if (cursor.moveToFirst()) {
        do {
            String name = cursor.getString(0);
            double price = cursor.getDouble(1);
            showCartItem(name, price);
        } while (cursor.moveToNext());
    }
}";1;0;1
Case_069_OSMTracker_SINTETICO_7_BUG;App de Noticias;android.database.Cursor;"Cursor cursor = newsDb.query(""articles"", new String[]{""_id"", ""headline""}, ""bookmarked=1"", null, null, null, null);
if (cursor != null) {
    while (cursor.moveToNext()) {
        long id = cursor.getLong(0);
        String headline = cursor.getString(1);
        renderBookmark(id, headline);
    }
}";1;"Cursor cursor = null;
try {
    cursor = newsDb.query(""articles"", new String[]{""_id"", ""headline""}, ""bookmarked=1"", null, null, null, null);
    if (cursor != null) {
        while (cursor.moveToNext()) {
            long id = cursor.getLong(0);
            String headline = cursor.getString(1);
            renderBookmark(id, headline);
        }
    }
} finally {
    if (cursor != null) {
        cursor.close();
    }
}";"Cursor cursor = null;
try {
    cursor = newsDb.query(""articles"", new String[]{""_id"", ""headline""}, ""bookmarked=1"", null, null, null, null);
    if (cursor != null) {
        while (cursor.moveToNext()) {
            long id = cursor.getLong(0);
            String headline = cursor.getString(1);
            renderBookmark(id, headline);
        }
    }
} finally {
    if (cursor != null) {
        cursor.close();
    }
}";"try (Cursor cursor = newsDb.query(""articles"", new String[]{""_id"", ""headline""}, ""bookmarked=1"", null, null, null, null)) {
    if (cursor != null) {
        while (cursor.moveToNext()) {
            long id = cursor.getLong(0);
            String headline = cursor.getString(1);
            renderBookmark(id, headline);
        }
    }
}";0;0;1
Case_069_OSMTracker_SINTETICO_8_BUG;App de Receita de Cozinha;android.database.Cursor;"Cursor cursor = recipesDb.rawQuery(""SELECT ingredient, amount FROM pantry WHERE expiring_soon=1"", null);
if (cursor.moveToFirst()) {
    int ingredientCol = cursor.getColumnIndex(""ingredient"");
    int amountCol = cursor.getColumnIndex(""amount"");
    do {
        notifyUser(cursor.getString(ingredientCol), cursor.getString(amountCol));
    } while (cursor.moveToNext());
}";1;"try (Cursor cursor = recipesDb.rawQuery(""SELECT ingredient, amount FROM pantry WHERE expiring_soon=1"", null)) {
    if (cursor.moveToFirst()) {
        int ingredientCol = cursor.getColumnIndexOrThrow(""ingredient"");
        int amountCol = cursor.getColumnIndexOrThrow(""amount"");
        do {
            notifyUser(cursor.getString(ingredientCol), cursor.getString(amountCol));
        } while (cursor.moveToNext());
    }
}";"Cursor cursor = recipesDb.rawQuery(""SELECT ingredient, amount FROM pantry WHERE expiring_soon=1"", null);
try {
    if (cursor.moveToFirst()) {
        int ingredientCol = cursor.getColumnIndex(""ingredient"");
        int amountCol = cursor.getColumnIndex(""amount"");
        do {
            notifyUser(cursor.getString(ingredientCol), cursor.getString(amountCol));
        } while (cursor.moveToNext());
    }
} finally {
    cursor.close();
}";"try (Cursor cursor = recipesDb.rawQuery(""SELECT ingredient, amount FROM pantry WHERE expiring_soon=1"", null)) {
    if (cursor.moveToFirst()) {
        int ingredientCol = cursor.getColumnIndex(""ingredient"");
        int amountCol = cursor.getColumnIndex(""amount"");
        do {
            notifyUser(cursor.getString(ingredientCol), cursor.getString(amountCol));
        } while (cursor.moveToNext());
    }
}";1;0;1
Case_069_OSMTracker_SINTETICO_9_BUG;App de Mensagens;android.database.Cursor;"Cursor cursor = messageDb.query(""threads"", new String[]{""thread_id"", ""last_message""}, ""unread_count > 0"", null, null, null, ""updated_at DESC"");
if (cursor.moveToFirst()) {
    do {
        long threadId = cursor.getLong(0);
        String lastMessage = cursor.getString(1);
        bindThread(threadId, lastMessage);
    } while (cursor.moveToNext());
}";1;"try (Cursor cursor = messageDb.query(""threads"", new String[]{""thread_id"", ""last_message""}, ""unread_count > 0"", null, null, null, ""updated_at DESC"")) {
    if (cursor != null && cursor.moveToFirst()) {
        do {
            long threadId = cursor.getLong(0);
            String lastMessage = cursor.getString(1);
            bindThread(threadId, lastMessage);
        } while (cursor.moveToNext());
    }
}";"Cursor cursor = null;
try {
    cursor = messageDb.query(""threads"", new String[]{""thread_id"", ""last_message""}, ""unread_count > 0"", null, null, null, ""updated_at DESC"");
    if (cursor.moveToFirst()) {
        do {
            long threadId = cursor.getLong(0);
            String lastMessage = cursor.getString(1);
            bindThread(threadId, lastMessage);
        } while (cursor.moveToNext());
    }
} finally {
    if (cursor != null) {
        cursor.close();
    }
}";"try (Cursor cursor = messageDb.query(""threads"", new String[]{""thread_id"", ""last_message""}, ""unread_count > 0"", null, null, null, ""updated_at DESC"")) {
    if (cursor.moveToFirst()) {
        do {
            long threadId = cursor.getLong(0);
            String lastMessage = cursor.getString(1);
            bindThread(threadId, lastMessage);
        } while (cursor.moveToNext());
    }
}";1;0;1
Case_069_OSMTracker_SINTETICO_10_BUG;App de Educação;android.database.Cursor;"Cursor cursor = schoolDb.rawQuery(""SELECT student_name, score FROM exams WHERE subject=?"", new String[]{subject});
while (cursor.moveToNext()) {
    String name = cursor.getString(0);
    int score = cursor.getInt(1);
    addResult(name, score);
}";1;"try (Cursor cursor = schoolDb.rawQuery(""SELECT student_name, score FROM exams WHERE subject=?"", new String[]{subject})) {
    while (cursor.moveToNext()) {
        String name = cursor.getString(0);
        int score = cursor.getInt(1);
        addResult(name, score);
    }
}";"Cursor cursor = null;
try {
    cursor = schoolDb.rawQuery(""SELECT student_name, score FROM exams WHERE subject=?"", new String[]{subject});
    while (cursor.moveToNext()) {
        String name = cursor.getString(0);
        int score = cursor.getInt(1);
        addResult(name, score);
    }
} finally {
    if (cursor != null) {
        cursor.close();
    }
}";"try (Cursor cursor = schoolDb.rawQuery(""SELECT student_name, score FROM exams WHERE subject=?"", new String[]{subject})) {
    while (cursor.moveToNext()) {
        String name = cursor.getString(0);
        int score = cursor.getInt(1);
        addResult(name, score);
    }
}";1;0;1
Case_089_Wordpress_SINTETICO_1_BUG;App de Musica;android.database.Cursor;"public void reloadPlaylist() {
    swapCursor(mPlaylistQuery.execute());
}

public Song getSong(int position) {
    return mCursor.get(position);
}";1;"public void reloadPlaylist() {
    Cursor newCursor = mPlaylistQuery.execute();
    Cursor oldCursor = swapCursor(newCursor);
    if (oldCursor != null && oldCursor != newCursor) {
        oldCursor.close();
    }
}

public Song getSong(int position) {
    return mCursor.get(position);
}";"public void reloadPlaylist() {
    Cursor oldCursor = swapCursor(mPlaylistQuery.execute());
    if (oldCursor != null) {
        oldCursor.close();
    }
}

public Song getSong(int position) {
    return mCursor.get(position);
}";"public void reloadPlaylist() {
    if (mCursor != null) {
        mCursor.close();
    }
    swapCursor(mPlaylistQuery.execute());
}

public Song getSong(int position) {
    return mCursor.get(position);
}";1;1;1
Case_089_Wordpress_SINTETICO_2_BUG;App de Scanner de Documentos;android.database.Cursor;"public void refreshScans() {
    swapCursor(mScanStore.queryAll());
}

public ScanItem getScan(int position) {
    return mCursor.get(position);
}";1;"public void refreshScans() {
    Cursor newCursor = mScanStore.queryAll();
    Cursor oldCursor = swapCursor(newCursor);
    if (oldCursor != null && oldCursor != newCursor && !oldCursor.isClosed()) {
        oldCursor.close();
    }
}

public ScanItem getScan(int position) {
    return mCursor.get(position);
}";"public void refreshScans() {
    Cursor oldCursor = swapCursor(mScanStore.queryAll());
    if (oldCursor != null) {
        oldCursor.close();
    }
}

public ScanItem getScan(int position) {
    return mCursor.get(position);
}";"public void refreshScans() {
    var oldCursor = swapCursor(mScanStore.queryAll());
    if (oldCursor != null) {
        oldCursor.close();
    }
}

public ScanItem getScan(int position) {
    return mCursor.get(position);
}";0;1;1
Case_089_Wordpress_SINTETICO_3_BUG;App de Fitness;android.database.Cursor;"public void reloadWorkouts() {
    swapCursor(mWorkoutDao.fetchRecent());
}

public Workout getWorkout(int position) {
    return mCursor.get(position);
}";1;"public void reloadWorkouts() {
    if (mCursor != null) {
        mCursor.close();
    }
    swapCursor(mWorkoutDao.fetchRecent());
}

public Workout getWorkout(int position) {
    return mCursor.get(position);
}";"public void reloadWorkouts() {
    Cursor oldCursor = swapCursor(mWorkoutDao.fetchRecent());
    if (oldCursor != null) {
        oldCursor.close();
    }
}

public Workout getWorkout(int position) {
    return mCursor.get(position);
}";"public void reloadWorkouts() {
    Cursor oldCursor = swapCursor(mWorkoutDao.fetchRecent());
    if (oldCursor != null) {
        oldCursor.close();
    }
}

public Workout getWorkout(int position) {
    return mCursor.get(position);
}";1;1;1
Case_089_Wordpress_SINTETICO_4_BUG;App de Loja Online;android.database.Cursor;"public void refreshOrders() {
    swapCursor(mOrderRepository.queryOpenOrders());
}

public Order getOrder(int position) {
    return mCursor.get(position);
}";1;"public void refreshOrders() {
    Cursor newCursor = mOrderRepository.queryOpenOrders();
    Cursor oldCursor = swapCursor(newCursor);
    if (oldCursor != null && oldCursor != newCursor && !oldCursor.isClosed()) {
        oldCursor.close();
    }
}

public Order getOrder(int position) {
    return mCursor.get(position);
}";"public void refreshOrders() {
    Cursor oldCursor = swapCursor(mOrderRepository.queryOpenOrders());
    if (oldCursor != null) {
        oldCursor.close();
    }
}

public Order getOrder(int position) {
    return mCursor.get(position);
}";"public void refreshOrders() {
    if (mCursor != null) {
        mCursor.close();
    }
    swapCursor(mOrderRepository.queryOpenOrders());
}

public Order getOrder(int position) {
    return mCursor.get(position);
}";0;1;1
Case_089_Wordpress_SINTETICO_5_BUG;App de Fotos/Galeria;android.database.Cursor;"public void reloadAlbums() {
    swapCursor(mAlbumProvider.loadAlbums());
}

public Album getAlbum(int position) {
    return mCursor.get(position);
}";1;"public void reloadAlbums() {
    Cursor oldCursor = mCursor;
    swapCursor(mAlbumProvider.loadAlbums());
    if (oldCursor != null && oldCursor != mCursor && !oldCursor.isClosed()) {
        oldCursor.close();
    }
}

public Album getAlbum(int position) {
    return mCursor.get(position);
}";"public void reloadAlbums() {
    List<Album> oldCursor = mCursor;
    swapCursor(mAlbumProvider.loadAlbums());
    if (oldCursor != null && oldCursor instanceof Closeable) {
        try {
            ((Closeable) oldCursor).close();
        } catch (IOException e) {
            // ignore
        }
    }
}

public Album getAlbum(int position) {
    return mCursor.get(position);
}";"public void reloadAlbums() {
    Cursor oldCursor = swapCursor(mAlbumProvider.loadAlbums());
    if (oldCursor != null) {
        oldCursor.close();
    }
}

public Album getAlbum(int position) {
    return mCursor.get(position);
}";0;1;1
Case_089_Wordpress_SINTETICO_6_BUG;App de Mensagens;android.database.Cursor;"public void refreshThreads() {
    swapCursor(mThreadQuery.getThreads());
}

public ThreadItem getThread(int position) {
    return mCursor.get(position);
}";1;"public void refreshThreads() {
    Cursor oldCursor = mCursor;
    mCursor = mThreadQuery.getThreads();
    if (oldCursor != null && oldCursor != mCursor && !oldCursor.isClosed()) {
        oldCursor.close();
    }
    swapCursor(mCursor);
}

public ThreadItem getThread(int position) {
    return mCursor.get(position);
}";"public void refreshThreads() {
    List<ThreadItem> oldCursor = mCursor;
    swapCursor(mThreadQuery.getThreads());
    if (oldCursor != null && oldCursor instanceof Closeable) {
        try {
            ((Closeable) oldCursor).close();
        } catch (IOException e) {
            // ignore
        }
    }
}

public ThreadItem getThread(int position) {
    return mCursor.get(position);
}";"public void refreshThreads() {
    Cursor oldCursor = swapCursor(mThreadQuery.getThreads());
    if (oldCursor != null) {
        oldCursor.close();
    }
}

public ThreadItem getThread(int position) {
    return mCursor.get(position);
}";0;1;1
Case_089_Wordpress_SINTETICO_7_BUG;App de Receitas;android.database.Cursor;"public void reloadRecipes() {
    swapCursor(mRecipeDao.findAll());
}

public Recipe getRecipe(int position) {
    return mCursor.get(position);
}";1;"public void reloadRecipes() {
    if (mCursor != null) {
        mCursor.close();
    }
    mCursor = mRecipeDao.findAll();
    swapCursor(mCursor);
}

public Recipe getRecipe(int position) {
    return mCursor.get(position);
}";"public void reloadRecipes() {
    Cursor oldCursor = swapCursor(mRecipeDao.findAll());
    if (oldCursor != null) {
        oldCursor.close();
    }
}

public Recipe getRecipe(int position) {
    return mCursor.get(position);
}";"public void reloadRecipes() {
    Cursor oldCursor = swapCursor(mRecipeDao.findAll());
    if (oldCursor != null) {
        oldCursor.close();
    }
}

public Recipe getRecipe(int position) {
    return mCursor.get(position);
}";1;1;1
Case_089_Wordpress_SINTETICO_8_BUG;App de Leitura de E-books;android.database.Cursor;"public void refreshLibrary() {
    swapCursor(mBookStore.listAvailableBooks());
}

public Book getBook(int position) {
    return mCursor.get(position);
}";1;"public void refreshLibrary() {
    if (mCursor != null) {
        mCursor.close();
    }
    mCursor = mBookStore.listAvailableBooks();
    swapCursor(mCursor);
}

public Book getBook(int position) {
    return mCursor.get(position);
}";"public void refreshLibrary() {
    Cursor oldCursor = swapCursor(mBookStore.listAvailableBooks());
    if (oldCursor != null) {
        oldCursor.close();
    }
}

public Book getBook(int position) {
    return mCursor.get(position);
}";"public void refreshLibrary() {
    Cursor oldCursor = swapCursor(mBookStore.listAvailableBooks());
    if (oldCursor != null) {
        oldCursor.close();
    }
}

public Book getBook(int position) {
    return mCursor.get(position);
}";1;1;1
Case_089_Wordpress_SINTETICO_9_BUG;App de Viagens;android.database.Cursor;"public void reloadTrips() {
    swapCursor(mTripProvider.queryTrips());
}

public Trip getTrip(int position) {
    return mCursor.get(position);
}";1;"public void reloadTrips() {
    Cursor<Trip> newCursor = mTripProvider.queryTrips();
    Cursor<Trip> oldCursor = swapCursor(newCursor);
    if (oldCursor != null && oldCursor != newCursor) {
        oldCursor.close();
    }
}

public Trip getTrip(int position) {
    return mCursor.get(position);
}";"public void reloadTrips() {
    Cursor oldCursor = swapCursor(mTripProvider.queryTrips());
    if (oldCursor != null) {
        oldCursor.close();
    }
}

public Trip getTrip(int position) {
    return mCursor.get(position);
}";"public void reloadTrips() {
    Cursor oldCursor = swapCursor(mTripProvider.queryTrips());
    if (oldCursor != null) {
        oldCursor.close();
    }
}

public Trip getTrip(int position) {
    return mCursor.get(position);
}";1;1;1
Case_089_Wordpress_SINTETICO_10_BUG;App de Finanças Pessoais;android.database.Cursor;"public void refreshTransactions() {
    swapCursor(mTransactionStore.loadTransactions());
}

public Transaction getTransaction(int position) {
    return mCursor.get(position);
}";1;"public void refreshTransactions() {
    Cursor newCursor = mTransactionStore.loadTransactions();
    Cursor oldCursor = swapCursor(newCursor);
    if (oldCursor != null && oldCursor != newCursor && !oldCursor.isClosed()) {
        oldCursor.close();
    }
}

public Transaction getTransaction(int position) {
    return mCursor.get(position);
}";"public void refreshTransactions() {
    Cursor oldCursor = swapCursor(mTransactionStore.loadTransactions());
    if (oldCursor != null) {
        oldCursor.close();
    }
}

public Transaction getTransaction(int position) {
    return mCursor.get(position);
}";"public void refreshTransactions() {
    var oldCursor = swapCursor(mTransactionStore.loadTransactions());
    if (oldCursor != null) {
        oldCursor.close();
    }
}

public Transaction getTransaction(int position) {
    return mCursor.get(position);
}";0;1;1
Case_097_Wordpress_SINTETICO_1_BUG;App de Musica;android.database.Cursor;"public void onLoadFinished(Loader<Cursor> loader, Cursor data) {
    mUi.showSongList(data);
    if (mAdapter != null) {
        mAdapter.swapCursor(data);
    }
    updateNowPlayingBar();
}

@Override
public void onLoaderReset(Loader<Cursor> loader) {
    if (mAdapter != null) {
        mAdapter.swapCursor(null);
    }
    updateNowPlayingBar();
}";1;"public void onLoadFinished(Loader<Cursor> loader, Cursor data) {
    Cursor oldCursor = null;
    mUi.showSongList(data);
    if (mAdapter != null) {
        oldCursor = mAdapter.swapCursor(data);
    }
    if (oldCursor != null && !oldCursor.isClosed() && oldCursor != data) {
        oldCursor.close();
    }
    updateNowPlayingBar();
}

@Override
public void onLoaderReset(Loader<Cursor> loader) {
    Cursor oldCursor = null;
    if (mAdapter != null) {
        oldCursor = mAdapter.swapCursor(null);
    }
    if (oldCursor != null && !oldCursor.isClosed()) {
        oldCursor.close();
    }
    updateNowPlayingBar();
}";"public void onLoadFinished(Loader<Cursor> loader, Cursor data) {
    mUi.showSongList(data);
    if (mAdapter != null) {
        Cursor oldCursor = mAdapter.swapCursor(data);
        if (oldCursor != null && oldCursor != data) {
            oldCursor.close();
        }
    }
    updateNowPlayingBar();
}

@Override
public void onLoaderReset(Loader<Cursor> loader) {
    if (mAdapter != null) {
        Cursor oldCursor = mAdapter.swapCursor(null);
        if (oldCursor != null) {
            oldCursor.close();
        }
    }
    updateNowPlayingBar();
}";"public void onLoadFinished(Loader<Cursor> loader, Cursor data) {
    mUi.showSongList(data);
    if (mAdapter != null) {
        Cursor oldCursor = mAdapter.swapCursor(data);
        if (oldCursor != null) {
            oldCursor.close();
        }
    }
    updateNowPlayingBar();
}

@Override
public void onLoaderReset(Loader<Cursor> loader) {
    if (mAdapter != null) {
        Cursor oldCursor = mAdapter.swapCursor(null);
        if (oldCursor != null) {
            oldCursor.close();
        }
    }
    updateNowPlayingBar();
}";0;1;1
Case_097_Wordpress_SINTETICO_2_BUG;App de Scanner de Documentos;android.database.Cursor;"public void onLoadFinished(Loader<Cursor> loader, Cursor data) {
    mResultView.renderScans(data);
    if (mListAdapter != null) {
        mListAdapter.swapCursor(data);
    }
    refreshToolbarState();
}

@Override
public void onLoaderReset(Loader<Cursor> loader) {
    if (mListAdapter != null) {
        mListAdapter.swapCursor(null);
    }
    refreshToolbarState();
}";1;"public void onLoadFinished(Loader<Cursor> loader, Cursor data) {
    Cursor oldCursor = null;
    if (mListAdapter != null) {
        oldCursor = mListAdapter.swapCursor(data);
    }
    mResultView.renderScans(data);
    if (oldCursor != null && !oldCursor.isClosed()) {
        oldCursor.close();
    }
    refreshToolbarState();
}

@Override
public void onLoaderReset(Loader<Cursor> loader) {
    Cursor oldCursor = null;
    if (mListAdapter != null) {
        oldCursor = mListAdapter.swapCursor(null);
    }
    if (oldCursor != null && !oldCursor.isClosed()) {
        oldCursor.close();
    }
    refreshToolbarState();
}";"public void onLoadFinished(Loader<Cursor> loader, Cursor data) {
    mResultView.renderScans(data);
    if (mListAdapter != null) {
        Cursor oldCursor = mListAdapter.swapCursor(data);
        if (oldCursor != null && !oldCursor.isClosed()) {
            oldCursor.close();
        }
    }
    refreshToolbarState();
}

@Override
public void onLoaderReset(Loader<Cursor> loader) {
    if (mListAdapter != null) {
        Cursor oldCursor = mListAdapter.swapCursor(null);
        if (oldCursor != null && !oldCursor.isClosed()) {
            oldCursor.close();
        }
    }
    refreshToolbarState();
}";"public void onLoadFinished(Loader<Cursor> loader, Cursor data) {
    mResultView.renderScans(data);
    if (mListAdapter != null) {
        Cursor oldCursor = mListAdapter.swapCursor(data);
        if (oldCursor != null) {
            oldCursor.close();
        }
    }
    refreshToolbarState();
}

@Override
public void onLoaderReset(Loader<Cursor> loader) {
    if (mListAdapter != null) {
        Cursor oldCursor = mListAdapter.swapCursor(null);
        if (oldCursor != null) {
            oldCursor.close();
        }
    }
    refreshToolbarState();
}";0;0;1
Case_097_Wordpress_SINTETICO_3_BUG;App de Fitness;android.database.Cursor;"public void onLoadFinished(Loader<Cursor> loader, Cursor data) {
    mHistoryAdapter.swapCursor(data);
    renderWeeklySummary();
    updateCaloriesPanel();
}

@Override
public void onLoaderReset(Loader<Cursor> loader) {
    if (mHistoryAdapter != null) {
        mHistoryAdapter.swapCursor(null);
    }
    renderWeeklySummary();
    updateCaloriesPanel();
}";1;"public void onLoadFinished(Loader<Cursor> loader, Cursor data) {
    Cursor oldCursor = mHistoryAdapter != null ? mHistoryAdapter.swapCursor(data) : null;
    if (oldCursor != null && !oldCursor.isClosed()) {
        oldCursor.close();
    }
    renderWeeklySummary();
    updateCaloriesPanel();
}

@Override
public void onLoaderReset(Loader<Cursor> loader) {
    if (mHistoryAdapter != null) {
        Cursor oldCursor = mHistoryAdapter.swapCursor(null);
        if (oldCursor != null && !oldCursor.isClosed()) {
            oldCursor.close();
        }
    }
    renderWeeklySummary();
    updateCaloriesPanel();
}";"public void onLoadFinished(Loader<Cursor> loader, Cursor data) {
    Cursor oldCursor = mHistoryAdapter.swapCursor(data);
    if (oldCursor != null && !oldCursor.isClosed()) {
        oldCursor.close();
    }
    renderWeeklySummary();
    updateCaloriesPanel();
}

@Override
public void onLoaderReset(Loader<Cursor> loader) {
    if (mHistoryAdapter != null) {
        Cursor oldCursor = mHistoryAdapter.swapCursor(null);
        if (oldCursor != null && !oldCursor.isClosed()) {
            oldCursor.close();
        }
    }
    renderWeeklySummary();
    updateCaloriesPanel();
}";"public void onLoadFinished(Loader<Cursor> loader, Cursor data) {
    Cursor oldCursor = mHistoryAdapter.swapCursor(data);
    if (oldCursor != null) {
        oldCursor.close();
    }
    renderWeeklySummary();
    updateCaloriesPanel();
}

@Override
public void onLoaderReset(Loader<Cursor> loader) {
    if (mHistoryAdapter != null) {
        Cursor oldCursor = mHistoryAdapter.swapCursor(null);
        if (oldCursor != null) {
            oldCursor.close();
        }
    }
    renderWeeklySummary();
    updateCaloriesPanel();
}";0;0;1
Case_097_Wordpress_SINTETICO_4_BUG;App de Contatos;android.database.Cursor;"public void onLoadFinished(Loader<Cursor> loader, Cursor data) {
    mContactsView.bindResults(data);
    if (mCursorAdapter != null) {
        mCursorAdapter.swapCursor(data);
    }
    toggleEmptyState();
}

@Override
public void onLoaderReset(Loader<Cursor> loader) {
    if (mCursorAdapter != null) {
        mCursorAdapter.swapCursor(null);
    }
    toggleEmptyState();
}";1;"public void onLoadFinished(Loader<Cursor> loader, Cursor data) {
    Cursor oldCursor = null;
    if (mCursorAdapter != null) {
        oldCursor = mCursorAdapter.swapCursor(data);
    }
    mContactsView.bindResults(data);
    if (oldCursor != null && !oldCursor.isClosed()) {
        oldCursor.close();
    }
    toggleEmptyState();
}

@Override
public void onLoaderReset(Loader<Cursor> loader) {
    Cursor oldCursor = null;
    if (mCursorAdapter != null) {
        oldCursor = mCursorAdapter.swapCursor(null);
    }
    if (oldCursor != null && !oldCursor.isClosed()) {
        oldCursor.close();
    }
    toggleEmptyState();
}";"public void onLoadFinished(Loader<Cursor> loader, Cursor data) {
    mContactsView.bindResults(data);
    if (mCursorAdapter != null) {
        Cursor oldCursor = mCursorAdapter.swapCursor(data);
        if (oldCursor != null && oldCursor != data) {
            oldCursor.close();
        }
    }
    toggleEmptyState();
}

@Override
public void onLoaderReset(Loader<Cursor> loader) {
    if (mCursorAdapter != null) {
        Cursor oldCursor = mCursorAdapter.swapCursor(null);
        if (oldCursor != null) {
            oldCursor.close();
        }
    }
    toggleEmptyState();
}";"public void onLoadFinished(Loader<Cursor> loader, Cursor data) {
    mContactsView.bindResults(data);
    if (mCursorAdapter != null) {
        Cursor oldCursor = mCursorAdapter.swapCursor(data);
        if (oldCursor != null) {
            oldCursor.close();
        }
    }
    toggleEmptyState();
}

@Override
public void onLoaderReset(Loader<Cursor> loader) {
    if (mCursorAdapter != null) {
        Cursor oldCursor = mCursorAdapter.swapCursor(null);
        if (oldCursor != null) {
            oldCursor.close();
        }
    }
    toggleEmptyState();
}";0;1;1
Case_097_Wordpress_SINTETICO_5_BUG;App de Receitas;android.database.Cursor;"public void onLoadFinished(Loader<Cursor> loader, Cursor data) {
    mRecipeList.update(data);
    if (mAdapter != null) {
        mAdapter.swapCursor(data);
    }
    showFilterChips();
}

@Override
public void onLoaderReset(Loader<Cursor> loader) {
    if (mAdapter != null) {
        mAdapter.swapCursor(null);
    }
    showFilterChips();
}";1;"public void onLoadFinished(Loader<Cursor> loader, Cursor data) {
    Cursor oldCursor = null;
    if (mAdapter != null) {
        oldCursor = mAdapter.swapCursor(data);
    }
    mRecipeList.update(data);
    if (oldCursor != null && oldCursor != data && !oldCursor.isClosed()) {
        oldCursor.close();
    }
    showFilterChips();
}

@Override
public void onLoaderReset(Loader<Cursor> loader) {
    Cursor oldCursor = null;
    if (mAdapter != null) {
        oldCursor = mAdapter.swapCursor(null);
    }
    if (oldCursor != null && !oldCursor.isClosed()) {
        oldCursor.close();
    }
    showFilterChips();
}";"public void onLoadFinished(Loader<Cursor> loader, Cursor data) {
    mRecipeList.update(data);
    if (mAdapter != null) {
        Cursor oldCursor = mAdapter.swapCursor(data);
        if (oldCursor != null && !oldCursor.isClosed()) {
            oldCursor.close();
        }
    }
    showFilterChips();
}

@Override
public void onLoaderReset(Loader<Cursor> loader) {
    if (mAdapter != null) {
        Cursor oldCursor = mAdapter.swapCursor(null);
        if (oldCursor != null && !oldCursor.isClosed()) {
            oldCursor.close();
        }
    }
    showFilterChips();
}";"public void onLoadFinished(Loader<Cursor> loader, Cursor data) {
    mRecipeList.update(data);
    if (mAdapter != null) {
        Cursor oldCursor = mAdapter.swapCursor(data);
        if (oldCursor != null && oldCursor != data) {
            oldCursor.close();
        }
    }
    showFilterChips();
}

@Override
public void onLoaderReset(Loader<Cursor> loader) {
    if (mAdapter != null) {
        Cursor oldCursor = mAdapter.swapCursor(null);
        if (oldCursor != null) {
            oldCursor.close();
        }
    }
    showFilterChips();
}";0;0;1
Case_097_Wordpress_SINTETICO_6_BUG;App de Viagens;android.database.Cursor;"public void onLoadFinished(Loader<Cursor> loader, Cursor data) {
    mTripAdapter.swapCursor(data);
    updateMapMarkers();
    updateItineraryHeader();
}

@Override
public void onLoaderReset(Loader<Cursor> loader) {
    if (mTripAdapter != null) {
        mTripAdapter.swapCursor(null);
    }
    updateMapMarkers();
    updateItineraryHeader();
}";1;"public void onLoadFinished(Loader<Cursor> loader, Cursor data) {
    Cursor oldCursor = mTripAdapter != null ? mTripAdapter.swapCursor(data) : null;
    if (oldCursor != null && !oldCursor.isClosed()) {
        oldCursor.close();
    }
    updateMapMarkers();
    updateItineraryHeader();
}

@Override
public void onLoaderReset(Loader<Cursor> loader) {
    if (mTripAdapter != null) {
        Cursor oldCursor = mTripAdapter.swapCursor(null);
        if (oldCursor != null && !oldCursor.isClosed()) {
            oldCursor.close();
        }
    }
    updateMapMarkers();
    updateItineraryHeader();
}";"public void onLoadFinished(Loader<Cursor> loader, Cursor data) {
    Cursor oldCursor = mTripAdapter.swapCursor(data);
    if (oldCursor != null && !oldCursor.isClosed()) {
        oldCursor.close();
    }
    updateMapMarkers();
    updateItineraryHeader();
}

@Override
public void onLoaderReset(Loader<Cursor> loader) {
    if (mTripAdapter != null) {
        Cursor oldCursor = mTripAdapter.swapCursor(null);
        if (oldCursor != null && !oldCursor.isClosed()) {
            oldCursor.close();
        }
    }
    updateMapMarkers();
    updateItineraryHeader();
}";"public void onLoadFinished(Loader<Cursor> loader, Cursor data) {
    Cursor oldCursor = mTripAdapter.swapCursor(data);
    if (oldCursor != null) {
        oldCursor.close();
    }
    updateMapMarkers();
    updateItineraryHeader();
}

@Override
public void onLoaderReset(Loader<Cursor> loader) {
    if (mTripAdapter != null) {
        Cursor oldCursor = mTripAdapter.swapCursor(null);
        if (oldCursor != null) {
            oldCursor.close();
        }
    }
    updateMapMarkers();
    updateItineraryHeader();
}";0;0;1
Case_097_Wordpress_SINTETICO_7_BUG;App de Livros;android.database.Cursor;"public void onLoadFinished(Loader<Cursor> loader, Cursor data) {
    mBooksAdapter.swapCursor(data);
    refreshShelfCounters();
    animateEmptyView();
}

@Override
public void onLoaderReset(Loader<Cursor> loader) {
    if (mBooksAdapter != null) {
        mBooksAdapter.swapCursor(null);
    }
    refreshShelfCounters();
    animateEmptyView();
}";1;"public void onLoadFinished(Loader<Cursor> loader, Cursor data) {
    Cursor oldCursor = mBooksAdapter != null ? mBooksAdapter.swapCursor(data) : null;
    if (oldCursor != null && oldCursor != data && !oldCursor.isClosed()) {
        oldCursor.close();
    }
    refreshShelfCounters();
    animateEmptyView();
}

@Override
public void onLoaderReset(Loader<Cursor> loader) {
    if (mBooksAdapter != null) {
        Cursor oldCursor = mBooksAdapter.swapCursor(null);
        if (oldCursor != null && !oldCursor.isClosed()) {
            oldCursor.close();
        }
    }
    refreshShelfCounters();
    animateEmptyView();
}";"public void onLoadFinished(Loader<Cursor> loader, Cursor data) {
    Cursor oldCursor = mBooksAdapter.swapCursor(data);
    if (oldCursor != null && !oldCursor.isClosed()) {
        oldCursor.close();
    }
    refreshShelfCounters();
    animateEmptyView();
}

@Override
public void onLoaderReset(Loader<Cursor> loader) {
    if (mBooksAdapter != null) {
        Cursor oldCursor = mBooksAdapter.swapCursor(null);
        if (oldCursor != null && !oldCursor.isClosed()) {
            oldCursor.close();
        }
    }
    refreshShelfCounters();
    animateEmptyView();
}";"@Override
public void onLoadFinished(Loader<Cursor> loader, Cursor data) {
    mBooksAdapter.changeCursor(data);
    refreshShelfCounters();
    animateEmptyView();
}

@Override
public void onLoaderReset(Loader<Cursor> loader) {
    if (mBooksAdapter != null) {
        mBooksAdapter.changeCursor(null);
    }
    refreshShelfCounters();
    animateEmptyView();
}";0;0;0
Case_097_Wordpress_SINTETICO_8_BUG;App de Fotos;android.database.Cursor;"public void onLoadFinished(Loader<Cursor> loader, Cursor data) {
    mGalleryGrid.swapCursor(data);
    updateSelectionMode();
    renderStorageWarning();
}

@Override
public void onLoaderReset(Loader<Cursor> loader) {
    if (mGalleryGrid != null) {
        mGalleryGrid.swapCursor(null);
    }
    updateSelectionMode();
    renderStorageWarning();
}";1;"public void onLoadFinished(Loader<Cursor> loader, Cursor data) {
    Cursor oldCursor = mGalleryGrid != null ? mGalleryGrid.swapCursor(data) : null;
    if (oldCursor != null && oldCursor != data && !oldCursor.isClosed()) {
        oldCursor.close();
    }
    updateSelectionMode();
    renderStorageWarning();
}

@Override
public void onLoaderReset(Loader<Cursor> loader) {
    Cursor oldCursor = null;
    if (mGalleryGrid != null) {
        oldCursor = mGalleryGrid.swapCursor(null);
    }
    if (oldCursor != null && !oldCursor.isClosed()) {
        oldCursor.close();
    }
    updateSelectionMode();
    renderStorageWarning();
}";"public void onLoadFinished(Loader<Cursor> loader, Cursor data) {
    Cursor oldCursor = mGalleryGrid.swapCursor(data);
    if (oldCursor != null && oldCursor != data) {
        oldCursor.close();
    }
    updateSelectionMode();
    renderStorageWarning();
}

@Override
public void onLoaderReset(Loader<Cursor> loader) {
    if (mGalleryGrid != null) {
        Cursor oldCursor = mGalleryGrid.swapCursor(null);
        if (oldCursor != null) {
            oldCursor.close();
        }
    }
    updateSelectionMode();
    renderStorageWarning();
}";"public void onLoadFinished(Loader<Cursor> loader, Cursor data) {
    Cursor oldCursor = mGalleryGrid.swapCursor(data);
    if (oldCursor != null && oldCursor != data) {
        oldCursor.close();
    }
    updateSelectionMode();
    renderStorageWarning();
}

@Override
public void onLoaderReset(Loader<Cursor> loader) {
    if (mGalleryGrid != null) {
        Cursor oldCursor = mGalleryGrid.swapCursor(null);
        if (oldCursor != null) {
            oldCursor.close();
        }
    }
    updateSelectionMode();
    renderStorageWarning();
}";0;1;1
Case_097_Wordpress_SINTETICO_9_BUG;App de Podcasts;android.database.Cursor;"public void onLoadFinished(Loader<Cursor> loader, Cursor data) {
    mEpisodeAdapter.swapCursor(data);
    updatePlaybackQueue();
    updateSubscribeState();
}

@Override
public void onLoaderReset(Loader<Cursor> loader) {
    if (mEpisodeAdapter != null) {
        mEpisodeAdapter.swapCursor(null);
    }
    updatePlaybackQueue();
    updateSubscribeState();
}";1;"public void onLoadFinished(Loader<Cursor> loader, Cursor data) {
    Cursor oldCursor = mEpisodeAdapter != null ? mEpisodeAdapter.swapCursor(data) : null;
    if (oldCursor != null && !oldCursor.isClosed()) {
        oldCursor.close();
    }
    updatePlaybackQueue();
    updateSubscribeState();
}

@Override
public void onLoaderReset(Loader<Cursor> loader) {
    if (mEpisodeAdapter != null) {
        Cursor oldCursor = mEpisodeAdapter.swapCursor(null);
        if (oldCursor != null && !oldCursor.isClosed()) {
            oldCursor.close();
        }
    }
    updatePlaybackQueue();
    updateSubscribeState();
}";"public void onLoadFinished(Loader<Cursor> loader, Cursor data) {
    Cursor oldCursor = mEpisodeAdapter.swapCursor(data);
    if (oldCursor != null) {
        oldCursor.close();
    }
    updatePlaybackQueue();
    updateSubscribeState();
}

@Override
public void onLoaderReset(Loader<Cursor> loader) {
    if (mEpisodeAdapter != null) {
        Cursor oldCursor = mEpisodeAdapter.swapCursor(null);
        if (oldCursor != null) {
            oldCursor.close();
        }
    }
    updatePlaybackQueue();
    updateSubscribeState();
}";"public void onLoadFinished(Loader<Cursor> loader, Cursor data) {
    mEpisodeAdapter.changeCursor(data);
    updatePlaybackQueue();
    updateSubscribeState();
}

@Override
public void onLoaderReset(Loader<Cursor> loader) {
    if (mEpisodeAdapter != null) {
        mEpisodeAdapter.changeCursor(null);
    }
    updatePlaybackQueue();
    updateSubscribeState();
}";0;1;0
Case_097_Wordpress_SINTETICO_10_BUG;App de Finanças Pessoais;android.database.Cursor;"public void onLoadFinished(Loader<Cursor> loader, Cursor data) {
    mTransactionsAdapter.swapCursor(data);
    recomputeBalance();
    showBudgetAlerts();
}

@Override
public void onLoaderReset(Loader<Cursor> loader) {
    if (mTransactionsAdapter != null) {
        mTransactionsAdapter.swapCursor(null);
    }
    recomputeBalance();
    showBudgetAlerts();
}";1;"public void onLoadFinished(Loader<Cursor> loader, Cursor data) {
    Cursor oldCursor = mTransactionsAdapter != null ? mTransactionsAdapter.swapCursor(data) : null;
    if (oldCursor != null && !oldCursor.isClosed()) {
        oldCursor.close();
    }
    recomputeBalance();
    showBudgetAlerts();
}

@Override
public void onLoaderReset(Loader<Cursor> loader) {
    if (mTransactionsAdapter != null) {
        Cursor oldCursor = mTransactionsAdapter.swapCursor(null);
        if (oldCursor != null && !oldCursor.isClosed()) {
            oldCursor.close();
        }
    }
    recomputeBalance();
    showBudgetAlerts();
}";"public void onLoadFinished(Loader<Cursor> loader, Cursor data) {
    Cursor oldCursor = mTransactionsAdapter.swapCursor(data);
    if (oldCursor != null && !oldCursor.isClosed()) {
        oldCursor.close();
    }
    recomputeBalance();
    showBudgetAlerts();
}

@Override
public void onLoaderReset(Loader<Cursor> loader) {
    if (mTransactionsAdapter != null) {
        Cursor oldCursor = mTransactionsAdapter.swapCursor(null);
        if (oldCursor != null && !oldCursor.isClosed()) {
            oldCursor.close();
        }
    }
    recomputeBalance();
    showBudgetAlerts();
}";"public void onLoadFinished(Loader<Cursor> loader, Cursor data) {
    mTransactionsAdapter.changeCursor(data);
    recomputeBalance();
    showBudgetAlerts();
}

@Override
public void onLoaderReset(Loader<Cursor> loader) {
    if (mTransactionsAdapter != null) {
        mTransactionsAdapter.changeCursor(null);
    }
    recomputeBalance();
    showBudgetAlerts();
}";0;0;0
Case_100_Wordpress_SINTETICO_1_BUG;App de Música;android.database.Cursor;"if (mEmptyState.isShown())
            mEmptyState.setVisibility(View.GONE);
        mTracksAdapter.swapCursor(cursor);
    }

    private void loadPlaylistTracks() {
";1;"if (mEmptyState.isShown())
            mEmptyState.setVisibility(View.GONE);
        Cursor oldCursor = mTracksAdapter.swapCursor(cursor);
        if (oldCursor != null && !oldCursor.isClosed()) {
            oldCursor.close();
        }
    }

    private void loadPlaylistTracks() {";"if (mEmptyState.isShown())
            mEmptyState.setVisibility(View.GONE);
        Cursor oldCursor = mTracksAdapter.swapCursor(cursor);
        if (oldCursor != null) {
            oldCursor.close();
        }
    }

    private void loadPlaylistTracks() {";"if (mEmptyState.isShown())
            mEmptyState.setVisibility(View.GONE);
        Cursor oldCursor = mTracksAdapter.swapCursor(cursor);
        if (oldCursor != null) {
            oldCursor.close();
        }
    }

    private void loadPlaylistTracks() {";0;1;1
Case_100_Wordpress_SINTETICO_2_BUG;App de Scanner de Documentos;android.database.Cursor;"if (mNoDocsLabel.getVisibility() == View.VISIBLE)
            mNoDocsLabel.setVisibility(View.GONE);
        mDocumentAdapter.swapCursor(cursor);
    }

    private void refreshDocuments() {
";1;"if (mNoDocsLabel.getVisibility() == View.VISIBLE)
            mNoDocsLabel.setVisibility(View.GONE);
        Cursor oldCursor = mDocumentAdapter.swapCursor(cursor);
        if (oldCursor != null && !oldCursor.isClosed()) {
            oldCursor.close();
        }
    }

    private void refreshDocuments() {";"if (mNoDocsLabel.getVisibility() == View.VISIBLE)
            mNoDocsLabel.setVisibility(View.GONE);
        Cursor oldCursor = mDocumentAdapter.swapCursor(cursor);
        if (oldCursor != null) {
            oldCursor.close();
        }
    }

    private void refreshDocuments() {";"if (mNoDocsLabel.getVisibility() == View.VISIBLE)
            mNoDocsLabel.setVisibility(View.GONE);
        Cursor oldCursor = mDocumentAdapter.swapCursor(cursor);
        if (oldCursor != null) {
            oldCursor.close();
        }
    }

    private void refreshDocuments() {";0;1;1
Case_100_Wordpress_SINTETICO_3_BUG;App de Fitness;android.database.Cursor;"if (mNoWorkoutsView.isShown())
            mNoWorkoutsView.setVisibility(View.INVISIBLE);
        mWorkoutAdapter.swapCursor(cursor);
    }

    protected void updateWorkoutHistory() {
";1;"if (mNoWorkoutsView.isShown())
    mNoWorkoutsView.setVisibility(View.INVISIBLE);

Cursor oldCursor = mWorkoutAdapter.swapCursor(cursor);
if (oldCursor != null && !oldCursor.isClosed()) {
    oldCursor.close();
}
}

protected void updateWorkoutHistory() {";"if (mNoWorkoutsView.isShown())
            mNoWorkoutsView.setVisibility(View.INVISIBLE);
        mWorkoutAdapter.swapCursor(cursor);
    }

    protected void updateWorkoutHistory() {
        Cursor cursor = null;
        try {
            cursor = getWorkoutHistoryCursor();
            if (cursor != null && cursor.getCount() > 0) {
                if (mNoWorkoutsView.isShown())
                    mNoWorkoutsView.setVisibility(View.INVISIBLE);
                mWorkoutAdapter.swapCursor(cursor);
            } else {
                mNoWorkoutsView.setVisibility(View.VISIBLE);
                mWorkoutAdapter.swapCursor(null);
            }
        } finally {
            if (cursor != null) {
                cursor.close();
            }
        }
    }";"if (mNoWorkoutsView.isShown())
            mNoWorkoutsView.setVisibility(View.INVISIBLE);
        Cursor oldCursor = mWorkoutAdapter.swapCursor(cursor);
        if (oldCursor != null) {
            oldCursor.close();
        }
    }

    protected void updateWorkoutHistory() {";0;0;1
Case_100_Wordpress_SINTETICO_4_BUG;App de Finanças Pessoais;android.database.Cursor;"if (mBalanceHint.isShown())
            mBalanceHint.setVisibility(View.GONE);
        mTransactionsAdapter.swapCursor(cursor);
    }

    private void loadTransactions() {
";1;"if (mBalanceHint.isShown())
            mBalanceHint.setVisibility(View.GONE);
        Cursor oldCursor = mTransactionsAdapter.swapCursor(cursor);
        if (oldCursor != null && !oldCursor.isClosed()) {
            oldCursor.close();
        }
    }

    private void loadTransactions() {";"if (mBalanceHint.isShown())
            mBalanceHint.setVisibility(View.GONE);
        Cursor oldCursor = mTransactionsAdapter.swapCursor(cursor);
        if (oldCursor != null) {
            oldCursor.close();
        }
    }

    private void loadTransactions() {";"if (mBalanceHint.isShown())
            mBalanceHint.setVisibility(View.GONE);
        Cursor oldCursor = mTransactionsAdapter.swapCursor(cursor);
        if (oldCursor != null) {
            oldCursor.close();
        }
    }

    private void loadTransactions() {";0;1;1
Case_100_Wordpress_SINTETICO_5_BUG;App de Receitas Culinárias;android.database.Cursor;"if (mNoRecipesText.isShown())
            mNoRecipesText.setVisibility(View.GONE);
        mRecipeAdapter.swapCursor(cursor);
    }

    private void queryRecipesByIngredient() {
";1;"if (mNoRecipesText.isShown())
    mNoRecipesText.setVisibility(View.GONE);

Cursor oldCursor = mRecipeAdapter.swapCursor(cursor);
if (oldCursor != null && !oldCursor.isClosed()) {
    oldCursor.close();
}
}

private void queryRecipesByIngredient() {";"if (mNoRecipesText.isShown())
            mNoRecipesText.setVisibility(View.GONE);
        Cursor oldCursor = mRecipeAdapter.swapCursor(cursor);
        if (oldCursor != null) {
            oldCursor.close();
        }
    }

    private void queryRecipesByIngredient() {";"if (mNoRecipesText.isShown())
            mNoRecipesText.setVisibility(View.GONE);
        Cursor oldCursor = mRecipeAdapter.swapCursor(cursor);
        if (oldCursor != null) {
            oldCursor.close();
        }
    }

    private void queryRecipesByIngredient() {";0;1;1
Case_100_Wordpress_SINTETICO_6_BUG;App de E-commerce;android.database.Cursor;"if (mEmptyCartNotice.isShown())
            mEmptyCartNotice.setVisibility(View.GONE);
        mProductsAdapter.swapCursor(cursor);
    }

    protected void loadRecommendedProducts() {
";1;"if (mEmptyCartNotice.isShown())
    mEmptyCartNotice.setVisibility(View.GONE);

Cursor oldCursor = mProductsAdapter.swapCursor(cursor);
if (oldCursor != null && !oldCursor.isClosed()) {
    oldCursor.close();
}
}

protected void loadRecommendedProducts() {";"if (mEmptyCartNotice.isShown())
            mEmptyCartNotice.setVisibility(View.GONE);
        Cursor oldCursor = mProductsAdapter.swapCursor(cursor);
        if (oldCursor != null) {
            oldCursor.close();
        }
    }

    protected void loadRecommendedProducts() {";"if (mEmptyCartNotice.isShown())
            mEmptyCartNotice.setVisibility(View.GONE);
        Cursor oldCursor = mProductsAdapter.swapCursor(cursor);
        if (oldCursor != null) {
            oldCursor.close();
        }
    }

    protected void loadRecommendedProducts() {";0;1;1
Case_100_Wordpress_SINTETICO_7_BUG;App de Viagens;android.database.Cursor;"if (mNoFlightsView.isShown())
            mNoFlightsView.setVisibility(View.GONE);
        mFlightsAdapter.swapCursor(cursor);
    }

    private void loadAvailableFlights() {
";1;"if (mNoFlightsView.isShown())
    mNoFlightsView.setVisibility(View.GONE);

Cursor oldCursor = mFlightsAdapter.swapCursor(cursor);
if (oldCursor != null && !oldCursor.isClosed()) {
    oldCursor.close();
}
}

private void loadAvailableFlights() {";"if (mNoFlightsView.isShown())
            mNoFlightsView.setVisibility(View.GONE);
        mFlightsAdapter.swapCursor(cursor);
        if (cursor != null) {
            cursor.close();
        }
    }

    private void loadAvailableFlights() {";"if (mNoFlightsView.isShown())
            mNoFlightsView.setVisibility(View.GONE);
        Cursor oldCursor = mFlightsAdapter.swapCursor(cursor);
        if (oldCursor != null) {
            oldCursor.close();
        }
    }

    private void loadAvailableFlights() {";0;1;1
Case_100_Wordpress_SINTETICO_8_BUG;App de Biblioteca;android.database.Cursor;"if (mNoBooksLabel.isShown())
            mNoBooksLabel.setVisibility(View.GONE);
        mBooksAdapter.swapCursor(cursor);
    }

    private void refreshLibraryCatalog() {
";1;"if (mNoBooksLabel.isShown())
    mNoBooksLabel.setVisibility(View.GONE);

Cursor oldCursor = mBooksAdapter.swapCursor(cursor);
if (oldCursor != null && !oldCursor.isClosed()) {
    oldCursor.close();
}
}

private void refreshLibraryCatalog() {";"if (mNoBooksLabel.isShown())
            mNoBooksLabel.setVisibility(View.GONE);
        Cursor oldCursor = mBooksAdapter.swapCursor(cursor);
        if (oldCursor != null) {
            oldCursor.close();
        }
    }

    private void refreshLibraryCatalog() {";"if (mNoBooksLabel.isShown())
            mNoBooksLabel.setVisibility(View.GONE);
        Cursor oldCursor = mBooksAdapter.swapCursor(cursor);
        if (oldCursor != null) {
            oldCursor.close();
        }
    }

    private void refreshLibraryCatalog() {";0;1;1
Case_100_Wordpress_SINTETICO_9_BUG;App de Rede Social;android.database.Cursor;"if (mNoPostsView.isShown())
            mNoPostsView.setVisibility(View.GONE);
        mFeedAdapter.swapCursor(cursor);
    }

    protected void loadUserFeed() {
";1;"if (mNoPostsView.isShown())
    mNoPostsView.setVisibility(View.GONE);

Cursor oldCursor = mFeedAdapter.swapCursor(cursor);
if (oldCursor != null && !oldCursor.isClosed()) {
    oldCursor.close();
}
}

protected void loadUserFeed() {";"if (mNoPostsView.isShown())
            mNoPostsView.setVisibility(View.GONE);
        mFeedAdapter.swapCursor(cursor);
    }

    protected void loadUserFeed() {";"if (mNoPostsView.isShown())
            mNoPostsView.setVisibility(View.GONE);
        Cursor oldCursor = mFeedAdapter.swapCursor(cursor);
        if (oldCursor != null) {
            oldCursor.close();
        }
    }

    protected void loadUserFeed() {";0;1;1
Case_100_Wordpress_SINTETICO_10_BUG;App de Gestão de Tarefas;android.database.Cursor;"if (mNoTasksText.isShown())
            mNoTasksText.setVisibility(View.GONE);
        mTaskAdapter.swapCursor(cursor);
    }

    private void loadPendingTasks() {
";1;"if (mNoTasksText.isShown())
    mNoTasksText.setVisibility(View.GONE);

Cursor oldCursor = mTaskAdapter.swapCursor(cursor);
if (oldCursor != null && !oldCursor.isClosed()) {
    oldCursor.close();
}
}

private void loadPendingTasks() {";"if (mNoTasksText.isShown())
            mNoTasksText.setVisibility(View.GONE);
        Cursor oldCursor = mTaskAdapter.swapCursor(cursor);
        if (oldCursor != null) {
            oldCursor.close();
        }
    }

    private void loadPendingTasks() {";"if (mNoTasksText.isShown())
            mNoTasksText.setVisibility(View.GONE);
        Cursor oldCursor = mTaskAdapter.swapCursor(cursor);
        if (oldCursor != null) {
            oldCursor.close();
        }
    }

    private void loadPendingTasks() {";0;1;1
Case_133_Transdroid_SINTETICO_1_BUG;App de Musica;android.database.Cursor;"Cursor cursor = db.query(""songs"", columns, ""artist=?"", new String[]{artistId}, null, null, ""track_number ASC"");
if (cursor.moveToFirst()) {
    List<Song> songs = new ArrayList<Song>();
    do {
        songs.add(new Song(cursor.getLong(0), cursor.getString(1), cursor.getString(2)));
    } while (cursor.moveToNext());
    cursor.close();
    return songs;
}
return null;";1;"Cursor cursor = db.query(""songs"", columns, ""artist=?"", new String[]{artistId}, null, null, ""track_number ASC"");
try {
    if (cursor.moveToFirst()) {
        List<Song> songs = new ArrayList<Song>();
        do {
            songs.add(new Song(cursor.getLong(0), cursor.getString(1), cursor.getString(2)));
        } while (cursor.moveToNext());
        return songs;
    }
    return null;
} finally {
    if (cursor != null) {
        cursor.close();
    }
}";"Cursor cursor = db.query(""songs"", columns, ""artist=?"", new String[]{artistId}, null, null, ""track_number ASC"");
try {
    if (cursor.moveToFirst()) {
        List<Song> songs = new ArrayList<Song>();
        do {
            songs.add(new Song(cursor.getLong(0), cursor.getString(1), cursor.getString(2)));
        } while (cursor.moveToNext());
        return songs;
    }
    return null;
} finally {
    cursor.close();
}";"Cursor cursor = db.query(""songs"", columns, ""artist=?"", new String[]{artistId}, null, null, ""track_number ASC"");
try {
    if (cursor.moveToFirst()) {
        List<Song> songs = new ArrayList<Song>();
        do {
            songs.add(new Song(cursor.getLong(0), cursor.getString(1), cursor.getString(2)));
        } while (cursor.moveToNext());
        return songs;
    }
    return null;
} finally {
    if (cursor != null) {
        cursor.close();
    }
}";0;0;0
Case_133_Transdroid_SINTETICO_2_BUG;App de Scanner de Documentos;android.database.Cursor;"Cursor cursor = resolver.query(documentUri, projection, null, null, null);
if (cursor != null && cursor.moveToFirst()) {
    ArrayList<ScanPage> pages = new ArrayList<ScanPage>();
    do {
        pages.add(new ScanPage(cursor.getInt(0), cursor.getString(1), cursor.getLong(2)));
    } while (cursor.moveToNext());
    cursor.close();
    return pages;
}
return null;";1;"try (Cursor cursor = resolver.query(documentUri, projection, null, null, null)) {
    if (cursor != null && cursor.moveToFirst()) {
        ArrayList<ScanPage> pages = new ArrayList<ScanPage>();
        do {
            pages.add(new ScanPage(cursor.getInt(0), cursor.getString(1), cursor.getLong(2)));
        } while (cursor.moveToNext());
        return pages;
    }
}
return null;";"Cursor cursor = null;
try {
    cursor = resolver.query(documentUri, projection, null, null, null);
    if (cursor != null && cursor.moveToFirst()) {
        ArrayList<ScanPage> pages = new ArrayList<ScanPage>();
        do {
            pages.add(new ScanPage(cursor.getInt(0), cursor.getString(1), cursor.getLong(2)));
        } while (cursor.moveToNext());
        return pages;
    }
    return null;
} finally {
    if (cursor != null) {
        cursor.close();
    }
}";"try (Cursor cursor = resolver.query(documentUri, projection, null, null, null)) {
    if (cursor != null && cursor.moveToFirst()) {
        ArrayList<ScanPage> pages = new ArrayList<ScanPage>();
        do {
            pages.add(new ScanPage(cursor.getInt(0), cursor.getString(1), cursor.getLong(2)));
        } while (cursor.moveToNext());
        return pages;
    }
}
return null;";1;0;1
Case_133_Transdroid_SINTETICO_3_BUG;App de Fitness;android.database.Cursor;"Cursor cursor = database.rawQuery(""SELECT workout_id, name, duration FROM workouts WHERE completed=1"", null);
if (cursor.moveToFirst()) {
    List<Workout> workouts = new ArrayList<Workout>();
    do {
        workouts.add(new Workout(cursor.getString(0), cursor.getString(1), cursor.getInt(2)));
    } while (cursor.moveToNext());
    cursor.close();
    return workouts;
}
return null;";1;"Cursor cursor = null;
try {
    cursor = database.rawQuery(""SELECT workout_id, name, duration FROM workouts WHERE completed=1"", null);
    if (cursor.moveToFirst()) {
        List<Workout> workouts = new ArrayList<Workout>();
        do {
            workouts.add(new Workout(cursor.getString(0), cursor.getString(1), cursor.getInt(2)));
        } while (cursor.moveToNext());
        return workouts;
    }
    return null;
} finally {
    if (cursor != null) {
        cursor.close();
    }
}";"Cursor cursor = database.rawQuery(""SELECT workout_id, name, duration FROM workouts WHERE completed=1"", null);
try {
    if (cursor.moveToFirst()) {
        List<Workout> workouts = new ArrayList<Workout>();
        do {
            workouts.add(new Workout(cursor.getString(0), cursor.getString(1), cursor.getInt(2)));
        } while (cursor.moveToNext());
        return workouts;
    }
    return null;
} finally {
    cursor.close();
}";"try (Cursor cursor = database.rawQuery(""SELECT workout_id, name, duration FROM workouts WHERE completed=1"", null)) {
    if (cursor.moveToFirst()) {
        List<Workout> workouts = new ArrayList<Workout>();
        do {
            workouts.add(new Workout(cursor.getString(0), cursor.getString(1), cursor.getInt(2)));
        } while (cursor.moveToNext());
        return workouts;
    }
    return null;
}";0;0;1
Case_133_Transdroid_SINTETICO_4_BUG;App de E-commerce;android.database.Cursor;"Cursor cursor = sqliteDatabase.query(""orders"", null, ""customer_id=?"", new String[]{customerId}, null, null, ""created_at DESC"");
if (cursor.moveToFirst()) {
    LinkedList<OrderItem> items = new LinkedList<OrderItem>();
    do {
        items.add(new OrderItem(cursor.getString(cursor.getColumnIndex(""order_id"")), cursor.getDouble(cursor.getColumnIndex(""total""))));
    } while (cursor.moveToNext());
    cursor.close();
    return items;
}
return null;";1;"Cursor cursor = sqliteDatabase.query(""orders"", null, ""customer_id=?"", new String[]{customerId}, null, null, ""created_at DESC"");
try {
    if (cursor.moveToFirst()) {
        LinkedList<OrderItem> items = new LinkedList<OrderItem>();
        do {
            items.add(new OrderItem(cursor.getString(cursor.getColumnIndex(""order_id"")), cursor.getDouble(cursor.getColumnIndex(""total""))));
        } while (cursor.moveToNext());
        return items;
    }
    return null;
} finally {
    if (cursor != null) {
        cursor.close();
    }
}";"Cursor cursor = sqliteDatabase.query(""orders"", null, ""customer_id=?"", new String[]{customerId}, null, null, ""created_at DESC"");
try {
    if (cursor.moveToFirst()) {
        LinkedList<OrderItem> items = new LinkedList<OrderItem>();
        do {
            items.add(new OrderItem(cursor.getString(cursor.getColumnIndex(""order_id"")), cursor.getDouble(cursor.getColumnIndex(""total""))));
        } while (cursor.moveToNext());
        return items;
    }
    return null;
} finally {
    cursor.close();
}";"try (Cursor cursor = sqliteDatabase.query(""orders"", null, ""customer_id=?"", new String[]{customerId}, null, null, ""created_at DESC"")) {
    if (cursor.moveToFirst()) {
        LinkedList<OrderItem> items = new LinkedList<OrderItem>();
        do {
            items.add(new OrderItem(cursor.getString(cursor.getColumnIndex(""order_id"")), cursor.getDouble(cursor.getColumnIndex(""total""))));
        } while (cursor.moveToNext());
        return items;
    }
    return null;
}";0;0;1
Case_133_Transdroid_SINTETICO_5_BUG;App de Mensagens;android.database.Cursor;"Cursor cursor = provider.query(MessagesContract.CONTENT_URI, projection, ""thread_id=?"", new String[]{threadId}, null);
if (cursor.moveToFirst()) {
    ArrayList<MessagePreview> previews = new ArrayList<MessagePreview>();
    do {
        previews.add(new MessagePreview(cursor.getString(0), cursor.getString(1), cursor.getLong(2)));
    } while (cursor.moveToNext());
    cursor.close();
    return previews;
}
return null;";1;"Cursor cursor = provider.query(MessagesContract.CONTENT_URI, projection, ""thread_id=?"", new String[]{threadId}, null);
try {
    if (cursor != null && cursor.moveToFirst()) {
        ArrayList<MessagePreview> previews = new ArrayList<MessagePreview>();
        do {
            previews.add(new MessagePreview(cursor.getString(0), cursor.getString(1), cursor.getLong(2)));
        } while (cursor.moveToNext());
        return previews;
    }
    return null;
} finally {
    if (cursor != null) {
        cursor.close();
    }
}";"Cursor cursor = provider.query(MessagesContract.CONTENT_URI, projection, ""thread_id=?"", new String[]{threadId}, null);
try {
    if (cursor != null && cursor.moveToFirst()) {
        ArrayList<MessagePreview> previews = new ArrayList<MessagePreview>();
        do {
            previews.add(new MessagePreview(cursor.getString(0), cursor.getString(1), cursor.getLong(2)));
        } while (cursor.moveToNext());
        return previews;
    }
    return null;
} finally {
    if (cursor != null) {
        cursor.close();
    }
}";"Cursor cursor = provider.query(MessagesContract.CONTENT_URI, projection, ""thread_id=?"", new String[]{threadId}, null);
if (cursor != null) {
    try {
        if (cursor.moveToFirst()) {
            ArrayList<MessagePreview> previews = new ArrayList<MessagePreview>();
            do {
                previews.add(new MessagePreview(cursor.getString(0), cursor.getString(1), cursor.getLong(2)));
            } while (cursor.moveToNext());
            return previews;
        }
    } finally {
        cursor.close();
    }
}
return null;";0;0;0
Case_133_Transdroid_SINTETICO_6_BUG;App de Navegação GPS;android.database.Cursor;"Cursor cursor = db.query(""favorite_routes"", new String[]{""route_id"", ""name"", ""distance""}, null, null, null, null, ""name ASC"");
if (cursor.moveToFirst()) {
    List<Route> routes = new ArrayList<Route>();
    do {
        routes.add(new Route(cursor.getLong(0), cursor.getString(1), cursor.getFloat(2)));
    } while (cursor.moveToNext());
    cursor.close();
    return routes;
}
return null;";1;"Cursor cursor = db.query(""favorite_routes"", new String[]{""route_id"", ""name"", ""distance""}, null, null, null, null, ""name ASC"");
try {
    if (cursor.moveToFirst()) {
        List<Route> routes = new ArrayList<Route>();
        do {
            routes.add(new Route(cursor.getLong(0), cursor.getString(1), cursor.getFloat(2)));
        } while (cursor.moveToNext());
        return routes;
    }
    return null;
} finally {
    if (cursor != null) {
        cursor.close();
    }
}";"Cursor cursor = db.query(""favorite_routes"", new String[]{""route_id"", ""name"", ""distance""}, null, null, null, null, ""name ASC"");
try {
    if (cursor.moveToFirst()) {
        List<Route> routes = new ArrayList<Route>();
        do {
            routes.add(new Route(cursor.getLong(0), cursor.getString(1), cursor.getFloat(2)));
        } while (cursor.moveToNext());
        return routes;
    }
    return null;
} finally {
    cursor.close();
}";"try (Cursor cursor = db.query(""favorite_routes"", new String[]{""route_id"", ""name"", ""distance""}, null, null, null, null, ""name ASC"")) {
    if (cursor.moveToFirst()) {
        List<Route> routes = new ArrayList<Route>();
        do {
            routes.add(new Route(cursor.getLong(0), cursor.getString(1), cursor.getFloat(2)));
        } while (cursor.moveToNext());
        return routes;
    }
    return null;
}";0;0;1
Case_133_Transdroid_SINTETICO_7_BUG;App de Inventário;android.database.Cursor;"Cursor cursor = inventoryDb.rawQuery(""SELECT sku, quantity, warehouse FROM stock WHERE quantity < 5"", null);
if (cursor.moveToFirst()) {
    HashSet<LowStockItem> lowStock = new HashSet<LowStockItem>();
    do {
        lowStock.add(new LowStockItem(cursor.getString(0), cursor.getInt(1), cursor.getString(2)));
    } while (cursor.moveToNext());
    cursor.close();
    return lowStock;
}
return null;";1;"Cursor cursor = inventoryDb.rawQuery(""SELECT sku, quantity, warehouse FROM stock WHERE quantity < 5"", null);
try {
    if (cursor.moveToFirst()) {
        HashSet<LowStockItem> lowStock = new HashSet<LowStockItem>();
        do {
            lowStock.add(new LowStockItem(cursor.getString(0), cursor.getInt(1), cursor.getString(2)));
        } while (cursor.moveToNext());
        return lowStock;
    }
    return null;
} finally {
    if (cursor != null) {
        cursor.close();
    }
}";"Cursor cursor = inventoryDb.rawQuery(""SELECT sku, quantity, warehouse FROM stock WHERE quantity < 5"", null);
try {
    if (cursor.moveToFirst()) {
        HashSet<LowStockItem> lowStock = new HashSet<LowStockItem>();
        do {
            lowStock.add(new LowStockItem(cursor.getString(0), cursor.getInt(1), cursor.getString(2)));
        } while (cursor.moveToNext());
        return lowStock;
    }
    return null;
} finally {
    cursor.close();
}";"Cursor cursor = inventoryDb.rawQuery(""SELECT sku, quantity, warehouse FROM stock WHERE quantity < 5"", null);
try {
    if (cursor.moveToFirst()) {
        HashSet<LowStockItem> lowStock = new HashSet<LowStockItem>();
        do {
            lowStock.add(new LowStockItem(cursor.getString(0), cursor.getInt(1), cursor.getString(2)));
        } while (cursor.moveToNext());
        return lowStock;
    }
    return null;
} finally {
    if (cursor != null) {
        cursor.close();
    }
}";0;0;0
Case_133_Transdroid_SINTETICO_8_BUG;App de Receitas;android.database.Cursor;"Cursor cursor = contentResolver.query(RecipeContract.RECIPE_URI, projection, ""category=?"", new String[]{category}, null);
if (cursor.moveToFirst()) {
    List<Recipe> recipes = new ArrayList<Recipe>();
    do {
        recipes.add(new Recipe(cursor.getInt(0), cursor.getString(1), cursor.getInt(2)));
    } while (cursor.moveToNext());
    cursor.close();
    return recipes;
}
return null;";1;"Cursor cursor = contentResolver.query(RecipeContract.RECIPE_URI, projection, ""category=?"", new String[]{category}, null);
try {
    if (cursor != null && cursor.moveToFirst()) {
        List<Recipe> recipes = new ArrayList<Recipe>();
        do {
            recipes.add(new Recipe(cursor.getInt(0), cursor.getString(1), cursor.getInt(2)));
        } while (cursor.moveToNext());
        return recipes;
    }
    return null;
} finally {
    if (cursor != null) {
        cursor.close();
    }
}";"Cursor cursor = contentResolver.query(RecipeContract.RECIPE_URI, projection, ""category=?"", new String[]{category}, null);
try {
    if (cursor != null && cursor.moveToFirst()) {
        List<Recipe> recipes = new ArrayList<Recipe>();
        do {
            recipes.add(new Recipe(cursor.getInt(0), cursor.getString(1), cursor.getInt(2)));
        } while (cursor.moveToNext());
        return recipes;
    }
    return null;
} finally {
    if (cursor != null) {
        cursor.close();
    }
}";"try (Cursor cursor = contentResolver.query(RecipeContract.RECIPE_URI, projection, ""category=?"", new String[]{category}, null)) {
    if (cursor != null && cursor.moveToFirst()) {
        List<Recipe> recipes = new ArrayList<Recipe>();
        do {
            recipes.add(new Recipe(cursor.getInt(0), cursor.getString(1), cursor.getInt(2)));
        } while (cursor.moveToNext());
        return recipes;
    }
}
return null;";0;0;1
Case_133_Transdroid_SINTETICO_9_BUG;App de Clínica/Agendamentos;android.database.Cursor;"Cursor cursor = appDb.query(""appointments"", null, ""doctor_id=?"", new String[]{doctorId}, null, null, ""scheduled_at DESC"");
if (cursor.moveToFirst()) {
    ArrayList<Appointment> appointments = new ArrayList<Appointment>();
    do {
        appointments.add(new Appointment(cursor.getString(cursor.getColumnIndex(""patient_name"")), cursor.getString(cursor.getColumnIndex(""time""))));
    } while (cursor.moveToNext());
    cursor.close();
    return appointments;
}
return null;";1;"Cursor cursor = appDb.query(""appointments"", null, ""doctor_id=?"", new String[]{doctorId}, null, null, ""scheduled_at DESC"");
try {
    if (cursor.moveToFirst()) {
        ArrayList<Appointment> appointments = new ArrayList<Appointment>();
        do {
            appointments.add(new Appointment(
                cursor.getString(cursor.getColumnIndex(""patient_name"")),
                cursor.getString(cursor.getColumnIndex(""time""))
            ));
        } while (cursor.moveToNext());
        return appointments;
    }
    return null;
} finally {
    if (cursor != null) {
        cursor.close();
    }
}";"Cursor cursor = appDb.query(""appointments"", null, ""doctor_id=?"", new String[]{doctorId}, null, null, ""scheduled_at DESC"");
try {
    if (cursor.moveToFirst()) {
        ArrayList<Appointment> appointments = new ArrayList<Appointment>();
        do {
            appointments.add(new Appointment(cursor.getString(cursor.getColumnIndex(""patient_name"")), cursor.getString(cursor.getColumnIndex(""time""))));
        } while (cursor.moveToNext());
        return appointments;
    }
    return null;
} finally {
    cursor.close();
}";"Cursor cursor = appDb.query(""appointments"", null, ""doctor_id=?"", new String[]{doctorId}, null, null, ""scheduled_at DESC"");
try {
    if (cursor.moveToFirst()) {
        ArrayList<Appointment> appointments = new ArrayList<Appointment>();
        do {
            appointments.add(new Appointment(cursor.getString(cursor.getColumnIndex(""patient_name"")), cursor.getString(cursor.getColumnIndex(""time""))));
        } while (cursor.moveToNext());
        return appointments;
    }
    return null;
} finally {
    if (cursor != null) {
        cursor.close();
    }
}";0;0;0
Case_133_Transdroid_SINTETICO_10_BUG;App de Notas;android.database.Cursor;"Cursor cursor = notesDb.rawQuery(""SELECT note_id, title, updated_at FROM pinned_notes"", null);
if (cursor.moveToFirst()) {
    List<PinnedNote> notes = new ArrayList<PinnedNote>();
    do {
        notes.add(new PinnedNote(cursor.getLong(0), cursor.getString(1), cursor.getLong(2)));
    } while (cursor.moveToNext());
    cursor.close();
    return notes;
}
return null;";1;"Cursor cursor = null;
try {
    cursor = notesDb.rawQuery(""SELECT note_id, title, updated_at FROM pinned_notes"", null);
    if (cursor.moveToFirst()) {
        List<PinnedNote> notes = new ArrayList<PinnedNote>();
        do {
            notes.add(new PinnedNote(cursor.getLong(0), cursor.getString(1), cursor.getLong(2)));
        } while (cursor.moveToNext());
        return notes;
    }
    return null;
} finally {
    if (cursor != null) {
        cursor.close();
    }
}";"Cursor cursor = notesDb.rawQuery(""SELECT note_id, title, updated_at FROM pinned_notes"", null);
try {
    if (cursor.moveToFirst()) {
        List<PinnedNote> notes = new ArrayList<PinnedNote>();
        do {
            notes.add(new PinnedNote(cursor.getLong(0), cursor.getString(1), cursor.getLong(2)));
        } while (cursor.moveToNext());
        return notes;
    }
    return null;
} finally {
    cursor.close();
}";"try (Cursor cursor = notesDb.rawQuery(""SELECT note_id, title, updated_at FROM pinned_notes"", null)) {
    if (cursor.moveToFirst()) {
        List<PinnedNote> notes = new ArrayList<PinnedNote>();
        do {
            notes.add(new PinnedNote(cursor.getLong(0), cursor.getString(1), cursor.getLong(2)));
        } while (cursor.moveToNext());
        return notes;
    }
    return null;
}";0;0;1
Case_139_APG_SINTETICO_1_BUG;App de Música;android.database.Cursor;"Cursor playlistCursor = context.getContentResolver().query(playlistUri, new String[]{MediaStore.Audio.Playlists._ID}, null, null, null);
if (playlistCursor != null) {
    if (playlistCursor.moveToFirst()) {
        return playlistCursor.getLong(0);
    }
    playlistCursor.close();
}
return -1;";1;"Cursor playlistCursor = context.getContentResolver().query(
        playlistUri,
        new String[]{MediaStore.Audio.Playlists._ID},
        null,
        null,
        null
);
if (playlistCursor != null) {
    try {
        if (playlistCursor.moveToFirst()) {
            return playlistCursor.getLong(0);
        }
    } finally {
        playlistCursor.close();
    }
}
return -1;";"Cursor playlistCursor = context.getContentResolver().query(playlistUri, new String[]{MediaStore.Audio.Playlists._ID}, null, null, null);
if (playlistCursor != null) {
    try {
        if (playlistCursor.moveToFirst()) {
            return playlistCursor.getLong(0);
        }
    } finally {
        playlistCursor.close();
    }
}
return -1;";"Cursor playlistCursor = context.getContentResolver().query(playlistUri, new String[]{MediaStore.Audio.Playlists._ID}, null, null, null);
if (playlistCursor != null) {
    try {
        if (playlistCursor.moveToFirst()) {
            return playlistCursor.getLong(0);
        }
    } finally {
        playlistCursor.close();
    }
}
return -1;";0;0;0
Case_139_APG_SINTETICO_2_BUG;App de Scanner de Documentos;android.database.Cursor;"Cursor scanCursor = context.getContentResolver().query(scanUri, new String[]{DocumentsContract.Document.COLUMN_DOCUMENT_ID}, null, null, null);
if (scanCursor != null) {
    if (scanCursor.moveToNext()) {
        return scanCursor.getString(0);
    }
    scanCursor.close();
}
return null;";1;"try (Cursor scanCursor = context.getContentResolver().query(
        scanUri,
        new String[]{DocumentsContract.Document.COLUMN_DOCUMENT_ID},
        null,
        null,
        null)) {
    if (scanCursor != null && scanCursor.moveToNext()) {
        return scanCursor.getString(0);
    }
}
return null;";"Cursor scanCursor = null;
try {
    scanCursor = context.getContentResolver().query(scanUri, new String[]{DocumentsContract.Document.COLUMN_DOCUMENT_ID}, null, null, null);
    if (scanCursor != null && scanCursor.moveToNext()) {
        return scanCursor.getString(0);
    }
    return null;
} finally {
    if (scanCursor != null) {
        scanCursor.close();
    }
}";"Cursor scanCursor = context.getContentResolver().query(scanUri, new String[]{DocumentsContract.Document.COLUMN_DOCUMENT_ID}, null, null, null);
if (scanCursor != null) {
    try {
        if (scanCursor.moveToNext()) {
            return scanCursor.getString(0);
        }
    } finally {
        scanCursor.close();
    }
}
return null;";1;0;0
Case_139_APG_SINTETICO_3_BUG;App de Fitness;android.database.Cursor;"Cursor workoutCursor = context.getContentResolver().query(workoutUri, new String[]{FitnessContract.Workouts.COLUMN_DURATION}, null, null, null);
if (workoutCursor != null) {
    if (workoutCursor.moveToFirst()) {
        return workoutCursor.getInt(0);
    }
    workoutCursor.close();
}
return 0;";1;"Cursor workoutCursor = null;
try {
    workoutCursor = context.getContentResolver().query(
        workoutUri,
        new String[]{FitnessContract.Workouts.COLUMN_DURATION},
        null,
        null,
        null
    );
    if (workoutCursor != null && workoutCursor.moveToFirst()) {
        return workoutCursor.getInt(0);
    }
    return 0;
} finally {
    if (workoutCursor != null) {
        workoutCursor.close();
    }
}";"Cursor workoutCursor = context.getContentResolver().query(workoutUri, new String[]{FitnessContract.Workouts.COLUMN_DURATION}, null, null, null);
if (workoutCursor != null) {
    try {
        if (workoutCursor.moveToFirst()) {
            return workoutCursor.getInt(0);
        }
    } finally {
        workoutCursor.close();
    }
}
return 0;";"Cursor workoutCursor = context.getContentResolver().query(workoutUri, new String[]{FitnessContract.Workouts.COLUMN_DURATION}, null, null, null);
if (workoutCursor != null) {
    try {
        if (workoutCursor.moveToFirst()) {
            return workoutCursor.getInt(0);
        }
    } finally {
        workoutCursor.close();
    }
}
return 0;";0;0;0
Case_139_APG_SINTETICO_4_BUG;App de Fotografias;android.database.Cursor;"Cursor photoCursor = context.getContentResolver().query(photoUri, new String[]{MediaStore.Images.Media._ID}, null, null, null);
if (photoCursor != null) {
    if (photoCursor.moveToNext()) {
        return ContentUris.withAppendedId(MediaStore.Images.Media.EXTERNAL_CONTENT_URI, photoCursor.getLong(0));
    }
    photoCursor.close();
}
return null;";1;"Cursor photoCursor = null;
try {
    photoCursor = context.getContentResolver().query(photoUri, new String[]{MediaStore.Images.Media._ID}, null, null, null);
    if (photoCursor != null && photoCursor.moveToNext()) {
        return ContentUris.withAppendedId(MediaStore.Images.Media.EXTERNAL_CONTENT_URI, photoCursor.getLong(0));
    }
    return null;
} finally {
    if (photoCursor != null) {
        photoCursor.close();
    }
}";"Cursor photoCursor = null;
try {
    photoCursor = context.getContentResolver().query(photoUri, new String[]{MediaStore.Images.Media._ID}, null, null, null);
    if (photoCursor != null) {
        if (photoCursor.moveToNext()) {
            return ContentUris.withAppendedId(MediaStore.Images.Media.EXTERNAL_CONTENT_URI, photoCursor.getLong(0));
        }
    }
    return null;
} finally {
    if (photoCursor != null) {
        photoCursor.close();
    }
}";"Cursor photoCursor = context.getContentResolver().query(photoUri, new String[]{MediaStore.Images.Media._ID}, null, null, null);
if (photoCursor != null) {
    try {
        if (photoCursor.moveToNext()) {
            return ContentUris.withAppendedId(MediaStore.Images.Media.EXTERNAL_CONTENT_URI, photoCursor.getLong(0));
        }
    } finally {
        photoCursor.close();
    }
}
return null;";0;0;0
Case_139_APG_SINTETICO_5_BUG;App de Contactos;android.database.Cursor;"Cursor contactCursor = context.getContentResolver().query(contactUri, new String[]{ContactsContract.Contacts.DISPLAY_NAME}, null, null, null);
if (contactCursor != null) {
    if (contactCursor.moveToFirst()) {
        return contactCursor.getString(0);
    }
    contactCursor.close();
}
return """";";1;"Cursor contactCursor = null;
try {
    contactCursor = context.getContentResolver().query(
        contactUri,
        new String[]{ContactsContract.Contacts.DISPLAY_NAME},
        null,
        null,
        null
    );
    if (contactCursor != null && contactCursor.moveToFirst()) {
        return contactCursor.getString(0);
    }
    return """";
} finally {
    if (contactCursor != null) {
        contactCursor.close();
    }
}";"Cursor contactCursor = context.getContentResolver().query(contactUri, new String[]{ContactsContract.Contacts.DISPLAY_NAME}, null, null, null);
if (contactCursor != null) {
    try {
        if (contactCursor.moveToFirst()) {
            return contactCursor.getString(0);
        }
    } finally {
        contactCursor.close();
    }
}
return """";";"Cursor contactCursor = context.getContentResolver().query(contactUri, new String[]{ContactsContract.Contacts.DISPLAY_NAME}, null, null, null);
if (contactCursor != null) {
    try {
        if (contactCursor.moveToFirst()) {
            return contactCursor.getString(0);
        }
    } finally {
        contactCursor.close();
    }
}
return """";";0;0;0
Case_139_APG_SINTETICO_6_BUG;App de Navegação;android.database.Cursor;"Cursor routeCursor = context.getContentResolver().query(routeUri, new String[]{""distance_meters""}, null, null, null);
if (routeCursor != null) {
    if (routeCursor.moveToNext()) {
        return routeCursor.getDouble(0);
    }
    routeCursor.close();
}
return 0.0;";1;"Cursor routeCursor = context.getContentResolver().query(routeUri, new String[]{""distance_meters""}, null, null, null);
if (routeCursor != null) {
    try {
        if (routeCursor.moveToNext()) {
            return routeCursor.getDouble(0);
        }
    } finally {
        routeCursor.close();
    }
}
return 0.0;";"Cursor routeCursor = context.getContentResolver().query(routeUri, new String[]{""distance_meters""}, null, null, null);
if (routeCursor != null) {
    try {
        if (routeCursor.moveToNext()) {
            return routeCursor.getDouble(0);
        }
    } finally {
        routeCursor.close();
    }
}
return 0.0;";"Cursor routeCursor = context.getContentResolver().query(routeUri, new String[]{""distance_meters""}, null, null, null);
if (routeCursor != null) {
    try {
        if (routeCursor.moveToNext()) {
            return routeCursor.getDouble(0);
        }
    } finally {
        routeCursor.close();
    }
}
return 0.0;";0;0;0
Case_139_APG_SINTETICO_7_BUG;App de Compras;android.database.Cursor;"Cursor productCursor = context.getContentResolver().query(productUri, new String[]{""price_cents""}, null, null, null);
if (productCursor != null) {
    if (productCursor.moveToFirst()) {
        return productCursor.getInt(0);
    }
    productCursor.close();
}
return -1;";1;"Cursor productCursor = null;
try {
    productCursor = context.getContentResolver().query(productUri, new String[]{""price_cents""}, null, null, null);
    if (productCursor != null && productCursor.moveToFirst()) {
        return productCursor.getInt(0);
    }
    return -1;
} finally {
    if (productCursor != null) {
        productCursor.close();
    }
}";"Cursor productCursor = null;
try {
    productCursor = context.getContentResolver().query(productUri, new String[]{""price_cents""}, null, null, null);
    if (productCursor != null && productCursor.moveToFirst()) {
        return productCursor.getInt(0);
    }
    return -1;
} finally {
    if (productCursor != null) {
        productCursor.close();
    }
}";"Cursor productCursor = context.getContentResolver().query(productUri, new String[]{""price_cents""}, null, null, null);
if (productCursor != null) {
    try {
        if (productCursor.moveToFirst()) {
            return productCursor.getInt(0);
        }
    } finally {
        productCursor.close();
    }
}
return -1;";0;0;0
Case_139_APG_SINTETICO_8_BUG;App de Notícias;android.database.Cursor;"Cursor articleCursor = context.getContentResolver().query(articleUri, new String[]{""title""}, null, null, null);
if (articleCursor != null) {
    if (articleCursor.moveToNext()) {
        return articleCursor.getString(0);
    }
    articleCursor.close();
}
return null;";1;"Cursor articleCursor = context.getContentResolver().query(articleUri, new String[]{""title""}, null, null, null);
if (articleCursor != null) {
    try {
        if (articleCursor.moveToNext()) {
            return articleCursor.getString(0);
        }
    } finally {
        articleCursor.close();
    }
}
return null;";"Cursor articleCursor = context.getContentResolver().query(articleUri, new String[]{""title""}, null, null, null);
if (articleCursor != null) {
    try {
        if (articleCursor.moveToNext()) {
            return articleCursor.getString(0);
        }
    } finally {
        articleCursor.close();
    }
}
return null;";"try (Cursor articleCursor = context.getContentResolver().query(articleUri, new String[]{""title""}, null, null, null)) {
    if (articleCursor != null && articleCursor.moveToNext()) {
        return articleCursor.getString(0);
    }
}
return null;";0;0;1
Case_139_APG_SINTETICO_9_BUG;App de Mensagens;android.database.Cursor;"Cursor threadCursor = context.getContentResolver().query(threadUri, new String[]{""last_message""}, null, null, null);
if (threadCursor != null) {
    if (threadCursor.moveToFirst()) {
        return threadCursor.getString(0);
    }
    threadCursor.close();
}
return """";";1;"Cursor threadCursor = null;
try {
    threadCursor = context.getContentResolver().query(threadUri, new String[]{""last_message""}, null, null, null);
    if (threadCursor != null && threadCursor.moveToFirst()) {
        return threadCursor.getString(0);
    }
    return """";
} finally {
    if (threadCursor != null) {
        threadCursor.close();
    }
}";"Cursor threadCursor = null;
try {
    threadCursor = context.getContentResolver().query(threadUri, new String[]{""last_message""}, null, null, null);
    if (threadCursor != null && threadCursor.moveToFirst()) {
        return threadCursor.getString(0);
    }
    return """";
} finally {
    if (threadCursor != null) {
        threadCursor.close();
    }
}";"Cursor threadCursor = context.getContentResolver().query(threadUri, new String[]{""last_message""}, null, null, null);
if (threadCursor != null) {
    try {
        if (threadCursor.moveToFirst()) {
            return threadCursor.getString(0);
        }
    } finally {
        threadCursor.close();
    }
}
return """";";0;0;0
Case_139_APG_SINTETICO_10_BUG;App de Gestão de Inventário;android.database.Cursor;"Cursor stockCursor = context.getContentResolver().query(stockUri, new String[]{""quantity""}, null, null, null);
if (stockCursor != null) {
    if (stockCursor.moveToNext()) {
        return stockCursor.getInt(0);
    }
    stockCursor.close();
}
return 0;";1;"Cursor stockCursor = null;
try {
    stockCursor = context.getContentResolver().query(stockUri, new String[]{""quantity""}, null, null, null);
    if (stockCursor != null && stockCursor.moveToNext()) {
        return stockCursor.getInt(0);
    }
    return 0;
} finally {
    if (stockCursor != null) {
        stockCursor.close();
    }
}";"Cursor stockCursor = context.getContentResolver().query(stockUri, new String[]{""quantity""}, null, null, null);
try {
    if (stockCursor != null && stockCursor.moveToNext()) {
        return stockCursor.getInt(0);
    }
    return 0;
} finally {
    if (stockCursor != null) {
        stockCursor.close();
    }
}";"Cursor stockCursor = context.getContentResolver().query(stockUri, new String[]{""quantity""}, null, null, null);
if (stockCursor != null) {
    try {
        if (stockCursor.moveToNext()) {
            return stockCursor.getInt(0);
        }
    } finally {
        stockCursor.close();
    }
}
return 0;";0;0;0
Case_149_AnySoftKeyboard_SINTETICO_1_BUG;App de Musica;android.database.sqlite.SQLiteDatabase;"@Override
protected void onStop() {
    super.onStop();
}

private void persistPlaylistState() {
    SQLiteDatabase db = playlistDbHelper.getWritableDatabase();
    db.beginTransaction();
    try {
        // salvar estado
        db.setTransactionSuccessful();
    } finally {
        db.endTransaction();
    }
}";1;"@Override
protected void onStop() {
    super.onStop();
}

private void persistPlaylistState() {
    SQLiteDatabase db = null;
    try {
        db = playlistDbHelper.getWritableDatabase();
        db.beginTransaction();
        try {
            // salvar estado
            db.setTransactionSuccessful();
        } finally {
            db.endTransaction();
        }
    } finally {
        if (db != null && db.isOpen()) {
            db.close();
        }
    }
}";"@Override
protected void onStop() {
    super.onStop();
}

private void persistPlaylistState() {
    SQLiteDatabase db = playlistDbHelper.getWritableDatabase();
    try {
        db.beginTransaction();
        try {
            // salvar estado
            db.setTransactionSuccessful();
        } finally {
            db.endTransaction();
        }
    } finally {
        db.close();
    }
}";"@Override
protected void onStop() {
    super.onStop();
    if (playlistDbHelper != null) {
        playlistDbHelper.close();
    }
}

private void persistPlaylistState() {
    SQLiteDatabase db = playlistDbHelper.getWritableDatabase();
    db.beginTransaction();
    try {
        // salvar estado
        db.setTransactionSuccessful();
    } finally {
        db.endTransaction();
        if (db != null && db.isOpen()) {
            db.close();
        }
    }
}";0;0;0
Case_149_AnySoftKeyboard_SINTETICO_2_BUG;App de Scanner de Documentos;android.database.sqlite.SQLiteDatabase;"@Override
protected void onDestroy() {
    super.onDestroy();
}

private void saveScanMeta(String path) {
    SQLiteDatabase db = scanDbHelper.getWritableDatabase();
    ContentValues values = new ContentValues();
    values.put(""file_path"", path);
    db.insert(""scans"", null, values);
}";1;"@Override
protected void onDestroy() {
    if (scanDbHelper != null) {
        scanDbHelper.close();
    }
    super.onDestroy();
}

private void saveScanMeta(String path) {
    SQLiteDatabase db = null;
    try {
        db = scanDbHelper.getWritableDatabase();
        ContentValues values = new ContentValues();
        values.put(""file_path"", path);
        db.insert(""scans"", null, values);
    } finally {
        if (db != null && db.isOpen()) {
            db.close();
        }
    }
}";"@Override
protected void onDestroy() {
    super.onDestroy();
    if (scanDbHelper != null) {
        scanDbHelper.close();
    }
}

private void saveScanMeta(String path) {
    SQLiteDatabase db = scanDbHelper.getWritableDatabase();
    try {
        ContentValues values = new ContentValues();
        values.put(""file_path"", path);
        db.insert(""scans"", null, values);
    } finally {
        db.close();
    }
}";"@Override
protected void onDestroy() {
    if (scanDbHelper != null) {
        scanDbHelper.close();
    }
    super.onDestroy();
}

private void saveScanMeta(String path) {
    SQLiteDatabase db = scanDbHelper.getWritableDatabase();
    ContentValues values = new ContentValues();
    values.put(""file_path"", path);
    db.insert(""scans"", null, values);
}";0;0;0
Case_149_AnySoftKeyboard_SINTETICO_3_BUG;App de Fitness;android.database.sqlite.SQLiteDatabase;"@Override
protected void onPause() {
    super.onPause();
}

private void updateWorkoutHistory(int duration) {
    SQLiteDatabase db = fitnessDbHelper.getWritableDatabase();
    db.execSQL(""UPDATE workouts SET duration = "" + duration + "" WHERE id = 1"");
}";1;"@Override
protected void onPause() {
    super.onPause();
}

private void updateWorkoutHistory(int duration) {
    SQLiteDatabase db = null;
    try {
        db = fitnessDbHelper.getWritableDatabase();
        db.execSQL(""UPDATE workouts SET duration = ? WHERE id = 1"", new Object[]{duration});
    } finally {
        if (db != null && db.isOpen()) {
            db.close();
        }
    }
}";"@Override
protected void onPause() {
    super.onPause();
}

private void updateWorkoutHistory(int duration) {
    SQLiteDatabase db = fitnessDbHelper.getWritableDatabase();
    try {
        db.execSQL(""UPDATE workouts SET duration = "" + duration + "" WHERE id = 1"");
    } finally {
        db.close();
    }
}";"@Override
protected void onPause() {
    super.onPause();
}

private void updateWorkoutHistory(int duration) {
    try (SQLiteDatabase db = fitnessDbHelper.getWritableDatabase()) {
        db.execSQL(""UPDATE workouts SET duration = "" + duration + "" WHERE id = 1"");
    }
}";0;0;1
Case_149_AnySoftKeyboard_SINTETICO_4_BUG;App de E-commerce;android.database.sqlite.SQLiteDatabase;"@Override
protected void onStop() {
    super.onStop();
}

private void saveCartItems() {
    SQLiteDatabase db = cartDbHelper.getWritableDatabase();
    Cursor cursor = db.rawQuery(""SELECT * FROM cart"", null);
    while (cursor.moveToNext()) {
        // processar itens
    }
    cursor.close();
}";1;"@Override
protected void onStop() {
    super.onStop();
}

private void saveCartItems() {
    try (SQLiteDatabase db = cartDbHelper.getWritableDatabase();
         Cursor cursor = db.rawQuery(""SELECT * FROM cart"", null)) {
        while (cursor.moveToNext()) {
            // processar itens
        }
    }
}";"@Override
protected void onStop() {
    super.onStop();
}

private void saveCartItems() {
    SQLiteDatabase db = cartDbHelper.getWritableDatabase();
    Cursor cursor = null;
    try {
        cursor = db.rawQuery(""SELECT * FROM cart"", null);
        while (cursor.moveToNext()) {
            // processar itens
        }
    } finally {
        if (cursor != null) {
            cursor.close();
        }
        if (db != null) {
            db.close();
        }
    }
}";"@Override
protected void onStop() {
    super.onStop();
}

private void saveCartItems() {
    SQLiteDatabase db = cartDbHelper.getWritableDatabase();
    try (Cursor cursor = db.rawQuery(""SELECT * FROM cart"", null)) {
        while (cursor.moveToNext()) {
            // processar itens
        }
    }
}";1;0;1
Case_149_AnySoftKeyboard_SINTETICO_5_BUG;App de Viagens;android.database.sqlite.SQLiteDatabase;"@Override
protected void onDestroy() {
    super.onDestroy();
}

private void storeTrip(String destination) {
    SQLiteDatabase db = tripDbHelper.getWritableDatabase();
    ContentValues values = new ContentValues();
    values.put(""destination"", destination);
    db.update(""trips"", values, ""id=?"", new String[]{""1""});
}";1;"@Override
protected void onDestroy() {
    if (tripDbHelper != null) {
        tripDbHelper.close();
    }
    super.onDestroy();
}

private void storeTrip(String destination) {
    SQLiteDatabase db = null;
    try {
        db = tripDbHelper.getWritableDatabase();
        ContentValues values = new ContentValues();
        values.put(""destination"", destination);
        db.update(""trips"", values, ""id=?"", new String[]{""1""});
    } finally {
        if (db != null && db.isOpen()) {
            db.close();
        }
    }
}";"@Override
protected void onDestroy() {
    super.onDestroy();
    if (tripDbHelper != null) {
        tripDbHelper.close();
    }
}

private void storeTrip(String destination) {
    SQLiteDatabase db = tripDbHelper.getWritableDatabase();
    try {
        ContentValues values = new ContentValues();
        values.put(""destination"", destination);
        db.update(""trips"", values, ""id=?"", new String[]{""1""});
    } finally {
        db.close();
    }
}";"@Override
protected void onDestroy() {
    if (tripDbHelper != null) {
        tripDbHelper.close();
    }
    super.onDestroy();
}

private void storeTrip(String destination) {
    SQLiteDatabase db = tripDbHelper.getWritableDatabase();
    ContentValues values = new ContentValues();
    values.put(""destination"", destination);
    db.update(""trips"", values, ""id=?"", new String[]{""1""});
}";0;0;0
Case_149_AnySoftKeyboard_SINTETICO_6_BUG;App de Receitas;android.database.sqlite.SQLiteDatabase;"@Override
protected void onPause() {
    super.onPause();
}

private void cacheFavoriteRecipe(String name) {
    SQLiteDatabase db = recipeDbHelper.getWritableDatabase();
    db.beginTransaction();
    try {
        db.execSQL(""INSERT INTO favorites(name) VALUES('"" + name + ""')"");
        db.setTransactionSuccessful();
    } finally {
        db.endTransaction();
    }
}";1;"@Override
protected void onPause() {
    super.onPause();
}

private void cacheFavoriteRecipe(String name) {
    SQLiteDatabase db = null;
    try {
        db = recipeDbHelper.getWritableDatabase();
        db.beginTransaction();
        db.execSQL(""INSERT INTO favorites(name) VALUES(?)"", new Object[]{name});
        db.setTransactionSuccessful();
    } finally {
        if (db != null) {
            try {
                db.endTransaction();
            } finally {
                db.close();
            }
        }
    }
}";"@Override
protected void onPause() {
    super.onPause();
}

private void cacheFavoriteRecipe(String name) {
    SQLiteDatabase db = recipeDbHelper.getWritableDatabase();
    db.beginTransaction();
    try {
        db.execSQL(""INSERT INTO favorites(name) VALUES('"" + name + ""')"");
        db.setTransactionSuccessful();
    } finally {
        db.endTransaction();
        db.close();
    }
}";"@Override
protected void onPause() {
    super.onPause();
}

private void cacheFavoriteRecipe(String name) {
    try (SQLiteDatabase db = recipeDbHelper.getWritableDatabase()) {
        db.beginTransaction();
        try {
            db.execSQL(""INSERT INTO favorites(name) VALUES('"" + name + ""')"");
            db.setTransactionSuccessful();
        } finally {
            db.endTransaction();
        }
    }
}";0;0;0
Case_149_AnySoftKeyboard_SINTETICO_7_BUG;App de Notícias;android.database.sqlite.SQLiteDatabase;"@Override
protected void onStop() {
    super.onStop();
}

private void markArticleRead(long id) {
    SQLiteDatabase db = newsDbHelper.getWritableDatabase();
    ContentValues values = new ContentValues();
    values.put(""read"", 1);
    db.update(""articles"", values, ""article_id=?"", new String[]{String.valueOf(id)});
}";1;"@Override
protected void onStop() {
    super.onStop();
}

private void markArticleRead(long id) {
    try (SQLiteDatabase db = newsDbHelper.getWritableDatabase()) {
        ContentValues values = new ContentValues();
        values.put(""read"", 1);
        db.update(""articles"", values, ""article_id=?"", new String[]{String.valueOf(id)});
    }
}";"@Override
protected void onStop() {
    super.onStop();
}

private void markArticleRead(long id) {
    SQLiteDatabase db = newsDbHelper.getWritableDatabase();
    try {
        ContentValues values = new ContentValues();
        values.put(""read"", 1);
        db.update(""articles"", values, ""article_id=?"", new String[]{String.valueOf(id)});
    } finally {
        db.close();
    }
}";"@Override
protected void onStop() {
    super.onStop();
    if (newsDbHelper != null) {
        newsDbHelper.close();
    }
}

private void markArticleRead(long id) {
    SQLiteDatabase db = null;
    try {
        db = newsDbHelper.getWritableDatabase();
        ContentValues values = new ContentValues();
        values.put(""read"", 1);
        db.update(""articles"", values, ""article_id=?"", new String[]{String.valueOf(id)});
    } finally {
        if (db != null) {
            db.close();
        }
    }
}";1;0;0
Case_149_AnySoftKeyboard_SINTETICO_8_BUG;App de Livros;android.database.sqlite.SQLiteDatabase;"@Override
protected void onDestroy() {
    super.onDestroy();
}

private void saveReadingProgress(int page) {
    SQLiteDatabase db = booksDbHelper.getWritableDatabase();
    Cursor cursor = db.rawQuery(""SELECT current_page FROM progress WHERE book_id=1"", null);
    if (cursor.moveToFirst()) {
        // atualizar progresso
    }
    cursor.close();
}";1;"@Override
protected void onDestroy() {
    super.onDestroy();
}

private void saveReadingProgress(int page) {
    try (SQLiteDatabase db = booksDbHelper.getWritableDatabase();
         Cursor cursor = db.rawQuery(""SELECT current_page FROM progress WHERE book_id=1"", null)) {
        if (cursor.moveToFirst()) {
            // atualizar progresso
        }
    }
}";"@Override
protected void onDestroy() {
    super.onDestroy();
    if (booksDbHelper != null) {
        booksDbHelper.close();
    }
}

private void saveReadingProgress(int page) {
    SQLiteDatabase db = null;
    Cursor cursor = null;
    try {
        db = booksDbHelper.getWritableDatabase();
        cursor = db.rawQuery(""SELECT current_page FROM progress WHERE book_id=1"", null);
        if (cursor.moveToFirst()) {
            // atualizar progresso
        }
    } finally {
        if (cursor != null) {
            cursor.close();
        }
        if (db != null) {
            db.close();
        }
    }
}";"@Override
protected void onDestroy() {
    if (booksDbHelper != null) {
        booksDbHelper.close();
    }
    super.onDestroy();
}

private void saveReadingProgress(int page) {
    SQLiteDatabase db = booksDbHelper.getWritableDatabase();
    try (Cursor cursor = db.rawQuery(""SELECT current_page FROM progress WHERE book_id=1"", null)) {
        if (cursor.moveToFirst()) {
            // atualizar progresso
        }
    }
}";0;0;0
Case_149_AnySoftKeyboard_SINTETICO_9_BUG;App de Finanças Pessoais;android.database.sqlite.SQLiteDatabase;"@Override
protected void onPause() {
    super.onPause();
}

private void addExpense(double amount) {
    SQLiteDatabase db = financeDbHelper.getWritableDatabase();
    ContentValues values = new ContentValues();
    values.put(""amount"", amount);
    db.insert(""expenses"", null, values);
}";1;"@Override
protected void onPause() {
    super.onPause();
}

private void addExpense(double amount) {
    try (SQLiteDatabase db = financeDbHelper.getWritableDatabase()) {
        ContentValues values = new ContentValues();
        values.put(""amount"", amount);
        db.insert(""expenses"", null, values);
    }
}";"@Override
protected void onPause() {
    super.onPause();
}

private void addExpense(double amount) {
    SQLiteDatabase db = financeDbHelper.getWritableDatabase();
    try {
        ContentValues values = new ContentValues();
        values.put(""amount"", amount);
        db.insert(""expenses"", null, values);
    } finally {
        db.close();
    }
}";"@Override
protected void onPause() {
    super.onPause();
}

private void addExpense(double amount) {
    try (SQLiteDatabase db = financeDbHelper.getWritableDatabase()) {
        ContentValues values = new ContentValues();
        values.put(""amount"", amount);
        db.insert(""expenses"", null, values);
    }
}";1;0;1
Case_149_AnySoftKeyboard_SINTETICO_10_BUG;App de Mensagens;android.database.sqlite.SQLiteDatabase;"@Override
protected void onStop() {
    super.onStop();
}

private void archiveConversation(String threadId) {
    SQLiteDatabase db = messagesDbHelper.getWritableDatabase();
    db.execSQL(""UPDATE threads SET archived=1 WHERE thread_id='"" + threadId + ""'"");
}";1;"@Override
protected void onStop() {
    super.onStop();
}

private void archiveConversation(String threadId) {
    try (SQLiteDatabase db = messagesDbHelper.getWritableDatabase()) {
        db.execSQL(""UPDATE threads SET archived=1 WHERE thread_id=?"", new Object[]{threadId});
    }
}";"@Override
protected void onStop() {
    super.onStop();
}

private void archiveConversation(String threadId) {
    SQLiteDatabase db = messagesDbHelper.getWritableDatabase();
    try {
        db.execSQL(""UPDATE threads SET archived=1 WHERE thread_id=?"", new Object[]{threadId});
    } finally {
        db.close();
    }
}";"@Override
protected void onStop() {
    super.onStop();
}

private void archiveConversation(String threadId) {
    try (SQLiteDatabase db = messagesDbHelper.getWritableDatabase()) {
        db.execSQL(""UPDATE threads SET archived=1 WHERE thread_id='"" + threadId + ""'"");
    }
}";1;0;1
Case_164_Zxing_SINTETICO_1_BUG;App de Musica;android.net.http.AndroidHttpClient;"public void fetchAlbumArt(String albumId) {
  String url = API_BASE + ""/albums/"" + albumId + ""/art"";
  try {
    URI uri = new URI(url);
    HttpGet get = new HttpGet(uri);
    AndroidHttpClient client = AndroidHttpClient.newInstance(""MusicApp/1.0"");
    HttpResponse response = client.execute(get);
    HttpEntity entity = response.getEntity();
    Bitmap cover = BitmapFactory.decodeStream(entity.getContent());
    mAlbumArtView.setImageBitmap(cover);
  } catch (Exception e) {
    Log.e(TAG, e.toString());
  }
}
";1;"public void fetchAlbumArt(String albumId) {
  String url = API_BASE + ""/albums/"" + albumId + ""/art"";
  AndroidHttpClient client = null;
  InputStream inputStream = null;
  try {
    URI uri = new URI(url);
    HttpGet get = new HttpGet(uri);
    client = AndroidHttpClient.newInstance(""MusicApp/1.0"");
    HttpResponse response = client.execute(get);
    HttpEntity entity = response.getEntity();
    if (entity != null) {
      inputStream = entity.getContent();
      Bitmap cover = BitmapFactory.decodeStream(inputStream);
      mAlbumArtView.setImageBitmap(cover);
    }
  } catch (Exception e) {
    Log.e(TAG, e.toString());
  } finally {
    if (inputStream != null) {
      try {
        inputStream.close();
      } catch (IOException ignored) {
      }
    }
    if (client != null) {
      client.close();
    }
  }
}";"public void fetchAlbumArt(String albumId) {
  String url = API_BASE + ""/albums/"" + albumId + ""/art"";
  AndroidHttpClient client = null;
  InputStream inputStream = null;
  try {
    URI uri = new URI(url);
    HttpGet get = new HttpGet(uri);
    client = AndroidHttpClient.newInstance(""MusicApp/1.0"");
    HttpResponse response = client.execute(get);
    HttpEntity entity = response.getEntity();
    inputStream = entity.getContent();
    Bitmap cover = BitmapFactory.decodeStream(inputStream);
    mAlbumArtView.setImageBitmap(cover);
  } catch (Exception e) {
    Log.e(TAG, e.toString());
  } finally {
    if (inputStream != null) {
      try {
        inputStream.close();
      } catch (IOException e) {
        Log.e(TAG, e.toString());
      }
    }
    if (client != null) {
      client.close();
    }
  }
}";"public void fetchAlbumArt(String albumId) {
  String url = API_BASE + ""/albums/"" + albumId + ""/art"";
  AndroidHttpClient client = null;
  try {
    URI uri = new URI(url);
    HttpGet get = new HttpGet(uri);
    client = AndroidHttpClient.newInstance(""MusicApp/1.0"");
    HttpResponse response = client.execute(get);
    HttpEntity entity = response.getEntity();
    if (entity != null) {
      try (InputStream is = entity.getContent()) {
        Bitmap cover = BitmapFactory.decodeStream(is);
        mAlbumArtView.setImageBitmap(cover);
      }
    }
  } catch (Exception e) {
    Log.e(TAG, e.toString());
  } finally {
    if (client != null) {
      client.close();
    }
  }
}";0;0;0
Case_164_Zxing_SINTETICO_2_BUG;App de Scanner de Documentos;android.net.http.AndroidHttpClient;"public void uploadScan(byte[] pdfData) {
  try {
    HttpPost post = new HttpPost(SERVER_URL + ""/upload"");
    post.setEntity(new ByteArrayEntity(pdfData));
    AndroidHttpClient client = AndroidHttpClient.newInstance(""DocScanner/2.0"");
    HttpResponse response = client.execute(post);
    int code = response.getStatusLine().getStatusCode();
    if (code == 200) {
      Log.i(TAG, ""Upload concluído"");
    }
  } catch (Exception e) {
    Log.e(TAG, e.getMessage());
  }
}
";1;"public void uploadScan(byte[] pdfData) {
  AndroidHttpClient client = null;
  try {
    HttpPost post = new HttpPost(SERVER_URL + ""/upload"");
    post.setEntity(new ByteArrayEntity(pdfData));
    client = AndroidHttpClient.newInstance(""DocScanner/2.0"");
    HttpResponse response = client.execute(post);
    int code = response.getStatusLine().getStatusCode();
    if (code == 200) {
      Log.i(TAG, ""Upload concluído"");
    }
  } catch (Exception e) {
    Log.e(TAG, e.getMessage());
  } finally {
    if (client != null) {
      client.close();
    }
  }
}";"public void uploadScan(byte[] pdfData) {
  AndroidHttpClient client = null;
  try {
    HttpPost post = new HttpPost(SERVER_URL + ""/upload"");
    post.setEntity(new ByteArrayEntity(pdfData));
    client = AndroidHttpClient.newInstance(""DocScanner/2.0"");
    HttpResponse response = client.execute(post);
    int code = response.getStatusLine().getStatusCode();
    if (code == 200) {
      Log.i(TAG, ""Upload concluído"");
    }
  } catch (Exception e) {
    Log.e(TAG, e.getMessage());
  } finally {
    if (client != null) {
      client.close();
    }
  }
}";"public void uploadScan(byte[] pdfData) {
  AndroidHttpClient client = null;
  try {
    HttpPost post = new HttpPost(SERVER_URL + ""/upload"");
    post.setEntity(new ByteArrayEntity(pdfData));
    client = AndroidHttpClient.newInstance(""DocScanner/2.0"");
    HttpResponse response = client.execute(post);
    int code = response.getStatusLine().getStatusCode();
    if (code == 200) {
      Log.i(TAG, ""Upload concluído"");
    }
  } catch (Exception e) {
    Log.e(TAG, e.getMessage());
  } finally {
    if (client != null) {
      client.close();
    }
  }
}";0;0;0
Case_164_Zxing_SINTETICO_3_BUG;App de Fitness;android.net.http.AndroidHttpClient;"public void syncWorkoutSummary(String userId) {
  try {
    URI uri = new URI(API_URL + ""/users/"" + userId + ""/workouts/latest"");
    HttpGet get = new HttpGet(uri);
    AndroidHttpClient client = AndroidHttpClient.newInstance(""FitTrack/3.1"");
    HttpResponse response = client.execute(get);
    String json = EntityUtils.toString(response.getEntity());
    parseSummary(json);
  } catch (Exception e) {
    Log.e(TAG, ""Erro ao sincronizar"", e);
  }
}
";1;"public void syncWorkoutSummary(String userId) {
  AndroidHttpClient client = null;
  try {
    URI uri = new URI(API_URL + ""/users/"" + userId + ""/workouts/latest"");
    HttpGet get = new HttpGet(uri);
    client = AndroidHttpClient.newInstance(""FitTrack/3.1"");
    HttpResponse response = client.execute(get);
    String json = EntityUtils.toString(response.getEntity());
    parseSummary(json);
  } catch (Exception e) {
    Log.e(TAG, ""Erro ao sincronizar"", e);
  } finally {
    if (client != null) {
      client.close();
    }
  }
}";"public void syncWorkoutSummary(String userId) {
  AndroidHttpClient client = null;
  try {
    URI uri = new URI(API_URL + ""/users/"" + userId + ""/workouts/latest"");
    HttpGet get = new HttpGet(uri);
    client = AndroidHttpClient.newInstance(""FitTrack/3.1"");
    HttpResponse response = client.execute(get);
    String json = EntityUtils.toString(response.getEntity());
    parseSummary(json);
  } catch (Exception e) {
    Log.e(TAG, ""Erro ao sincronizar"", e);
  } finally {
    if (client != null) {
      client.close();
    }
  }
}";"public void syncWorkoutSummary(String userId) {
  AndroidHttpClient client = null;
  try {
    URI uri = new URI(API_URL + ""/users/"" + userId + ""/workouts/latest"");
    HttpGet get = new HttpGet(uri);
    client = AndroidHttpClient.newInstance(""FitTrack/3.1"");
    HttpResponse response = client.execute(get);
    String json = EntityUtils.toString(response.getEntity());
    parseSummary(json);
  } catch (Exception e) {
    Log.e(TAG, ""Erro ao sincronizar"", e);
  } finally {
    if (client != null) {
      client.close();
    }
  }
}";0;0;0
Case_164_Zxing_SINTETICO_4_BUG;App de E-commerce;android.net.http.AndroidHttpClient;"public void loadProductImage(String productId) {
  try {
    HttpGet get = new HttpGet(CDN_URL + ""/img/"" + productId);
    AndroidHttpClient client = AndroidHttpClient.newInstance(""ShopNow/4.0"");
    HttpResponse response = client.execute(get);
    InputStream stream = response.getEntity().getContent();
    Bitmap bmp = BitmapFactory.decodeStream(stream);
    mProductImage.setImageBitmap(bmp);
  } catch (IOException e) {
    Log.w(TAG, e);
  }
}
";1;"public void loadProductImage(String productId) {
  AndroidHttpClient client = null;
  InputStream stream = null;
  try {
    HttpGet get = new HttpGet(CDN_URL + ""/img/"" + productId);
    client = AndroidHttpClient.newInstance(""ShopNow/4.0"");
    HttpResponse response = client.execute(get);
    if (response.getEntity() != null) {
      stream = response.getEntity().getContent();
      Bitmap bmp = BitmapFactory.decodeStream(stream);
      mProductImage.setImageBitmap(bmp);
    }
  } catch (IOException e) {
    Log.w(TAG, e);
  } finally {
    if (stream != null) {
      try {
        stream.close();
      } catch (IOException ignored) {
      }
    }
    if (client != null) {
      client.close();
    }
  }
}";"public void loadProductImage(String productId) {
    AndroidHttpClient client = null;
    InputStream stream = null;
    try {
        HttpGet get = new HttpGet(CDN_URL + ""/img/"" + productId);
        client = AndroidHttpClient.newInstance(""ShopNow/4.0"");
        HttpResponse response = client.execute(get);
        stream = response.getEntity().getContent();
        Bitmap bmp = BitmapFactory.decodeStream(stream);
        mProductImage.setImageBitmap(bmp);
    } catch (IOException e) {
        Log.w(TAG, e);
    } finally {
        if (stream != null) {
            try {
                stream.close();
            } catch (IOException e) {
                Log.w(TAG, e);
            }
        }
        if (client != null) {
            client.close();
        }
    }
}";"public void loadProductImage(String productId) {
  AndroidHttpClient client = null;
  try {
    client = AndroidHttpClient.newInstance(""ShopNow/4.0"");
    HttpGet get = new HttpGet(CDN_URL + ""/img/"" + productId);
    HttpResponse response = client.execute(get);
    try (InputStream stream = response.getEntity().getContent()) {
      Bitmap bmp = BitmapFactory.decodeStream(stream);
      mProductImage.setImageBitmap(bmp);
    }
  } catch (IOException e) {
    Log.w(TAG, e);
  } finally {
    if (client != null) {
      client.close();
    }
  }
}";0;0;0
Case_164_Zxing_SINTETICO_5_BUG;App de Notícias;android.net.http.AndroidHttpClient;"public void refreshHeadlineFeed() {
  try {
    AndroidHttpClient client = AndroidHttpClient.newInstance(""NewsReader/1.2"");
    HttpGet get = new HttpGet(FEED_URL);
    HttpResponse response = client.execute(get);
    String xml = EntityUtils.toString(response.getEntity());
    updateHeadlines(xml);
  } catch (Exception ex) {
    Log.e(TAG, ex.toString());
  }
}
";1;"public void refreshHeadlineFeed() {
  AndroidHttpClient client = null;
  try {
    client = AndroidHttpClient.newInstance(""NewsReader/1.2"");
    HttpGet get = new HttpGet(FEED_URL);
    HttpResponse response = client.execute(get);
    String xml = EntityUtils.toString(response.getEntity());
    updateHeadlines(xml);
  } catch (Exception ex) {
    Log.e(TAG, ex.toString());
  } finally {
    if (client != null) {
      client.close();
    }
  }
}";"public void refreshHeadlineFeed() {
  AndroidHttpClient client = null;
  try {
    client = AndroidHttpClient.newInstance(""NewsReader/1.2"");
    HttpGet get = new HttpGet(FEED_URL);
    HttpResponse response = client.execute(get);
    String xml = EntityUtils.toString(response.getEntity());
    updateHeadlines(xml);
  } catch (Exception ex) {
    Log.e(TAG, ex.toString());
  } finally {
    if (client != null) {
      client.close();
    }
  }
}";"public void refreshHeadlineFeed() {
  AndroidHttpClient client = null;
  try {
    client = AndroidHttpClient.newInstance(""NewsReader/1.2"");
    HttpGet get = new HttpGet(FEED_URL);
    HttpResponse response = client.execute(get);
    String xml = EntityUtils.toString(response.getEntity());
    updateHeadlines(xml);
  } catch (Exception ex) {
    Log.e(TAG, ex.toString());
  } finally {
    if (client != null) {
      client.close();
    }
  }
}";0;0;0
Case_164_Zxing_SINTETICO_6_BUG;App de Viagens;android.net.http.AndroidHttpClient;"public void downloadCityGuide(String cityCode) {
  try {
    URI uri = new URI(TRAVEL_API + ""/guides/"" + cityCode);
    HttpGet get = new HttpGet(uri);
    AndroidHttpClient client = AndroidHttpClient.newInstance(""TravelBuddy/5.0"");
    HttpResponse response = client.execute(get);
    String guideJson = EntityUtils.toString(response.getEntity());
    showGuide(guideJson);
  } catch (URISyntaxException | IOException e) {
    Log.e(TAG, ""Falha no download"", e);
  }
}
";1;"public void downloadCityGuide(String cityCode) {
  AndroidHttpClient client = null;
  try {
    URI uri = new URI(TRAVEL_API + ""/guides/"" + cityCode);
    HttpGet get = new HttpGet(uri);
    client = AndroidHttpClient.newInstance(""TravelBuddy/5.0"");
    HttpResponse response = client.execute(get);
    String guideJson = EntityUtils.toString(response.getEntity());
    showGuide(guideJson);
  } catch (URISyntaxException | IOException e) {
    Log.e(TAG, ""Falha no download"", e);
  } finally {
    if (client != null) {
      client.close();
    }
  }
}";"public void downloadCityGuide(String cityCode) {
  AndroidHttpClient client = null;
  try {
    URI uri = new URI(TRAVEL_API + ""/guides/"" + cityCode);
    HttpGet get = new HttpGet(uri);
    client = AndroidHttpClient.newInstance(""TravelBuddy/5.0"");
    HttpResponse response = client.execute(get);
    String guideJson = EntityUtils.toString(response.getEntity());
    showGuide(guideJson);
  } catch (URISyntaxException | IOException e) {
    Log.e(TAG, ""Falha no download"", e);
  } finally {
    if (client != null) {
      client.close();
    }
  }
}";"public void downloadCityGuide(String cityCode) {
  AndroidHttpClient client = null;
  try {
    client = AndroidHttpClient.newInstance(""TravelBuddy/5.0"");
    URI uri = new URI(TRAVEL_API + ""/guides/"" + cityCode);
    HttpGet get = new HttpGet(uri);
    HttpResponse response = client.execute(get);
    String guideJson = EntityUtils.toString(response.getEntity());
    showGuide(guideJson);
  } catch (URISyntaxException | IOException e) {
    Log.e(TAG, ""Falha no download"", e);
  } finally {
    if (client != null) {
      client.close();
    }
  }
}";0;0;0
Case_164_Zxing_SINTETICO_7_BUG;App de Entrega de Comida;android.net.http.AndroidHttpClient;"public void fetchRestaurantMenu(String restaurantId) {
  try {
    HttpGet get = new HttpGet(API + ""/restaurants/"" + restaurantId + ""/menu"");
    AndroidHttpClient client = AndroidHttpClient.newInstance(""FoodDash/6.0"");
    HttpResponse response = client.execute(get);
    String menu = EntityUtils.toString(response.getEntity());
    renderMenu(menu);
  } catch (Exception e) {
    Toast.makeText(context, ""Erro"", Toast.LENGTH_SHORT).show();
  }
}
";1;"public void fetchRestaurantMenu(String restaurantId) {
  AndroidHttpClient client = null;
  try {
    HttpGet get = new HttpGet(API + ""/restaurants/"" + restaurantId + ""/menu"");
    client = AndroidHttpClient.newInstance(""FoodDash/6.0"");
    HttpResponse response = client.execute(get);
    String menu = EntityUtils.toString(response.getEntity());
    renderMenu(menu);
  } catch (Exception e) {
    Toast.makeText(context, ""Erro"", Toast.LENGTH_SHORT).show();
  } finally {
    if (client != null) {
      client.close();
    }
  }
}";"public void fetchRestaurantMenu(String restaurantId) {
  AndroidHttpClient client = null;
  try {
    HttpGet get = new HttpGet(API + ""/restaurants/"" + restaurantId + ""/menu"");
    client = AndroidHttpClient.newInstance(""FoodDash/6.0"");
    HttpResponse response = client.execute(get);
    String menu = EntityUtils.toString(response.getEntity());
    renderMenu(menu);
  } catch (Exception e) {
    Toast.makeText(context, ""Erro"", Toast.LENGTH_SHORT).show();
  } finally {
    if (client != null) {
      client.close();
    }
  }
}";"public void fetchRestaurantMenu(String restaurantId) {
  AndroidHttpClient client = null;
  try {
    HttpGet get = new HttpGet(API + ""/restaurants/"" + restaurantId + ""/menu"");
    client = AndroidHttpClient.newInstance(""FoodDash/6.0"");
    HttpResponse response = client.execute(get);
    String menu = EntityUtils.toString(response.getEntity());
    renderMenu(menu);
  } catch (Exception e) {
    Toast.makeText(context, ""Erro"", Toast.LENGTH_SHORT).show();
  } finally {
    if (client != null) {
      client.close();
    }
  }
}";0;0;0
Case_164_Zxing_SINTETICO_8_BUG;App de Finanças Pessoais;android.net.http.AndroidHttpClient;"public void downloadStatement(String accountId) {
  try {
    AndroidHttpClient client = AndroidHttpClient.newInstance(""FinancePro/2.5"");
    HttpGet get = new HttpGet(BANK_API + ""/accounts/"" + accountId + ""/statement"");
    HttpResponse response = client.execute(get);
    String pdfUrl = EntityUtils.toString(response.getEntity());
    openStatement(pdfUrl);
  } catch (Exception e) {
    Log.e(TAG, e.getMessage());
  }
}
";1;"public void downloadStatement(String accountId) {
  AndroidHttpClient client = null;
  try {
    client = AndroidHttpClient.newInstance(""FinancePro/2.5"");
    HttpGet get = new HttpGet(BANK_API + ""/accounts/"" + accountId + ""/statement"");
    HttpResponse response = client.execute(get);
    String pdfUrl = EntityUtils.toString(response.getEntity());
    openStatement(pdfUrl);
  } catch (Exception e) {
    Log.e(TAG, e.getMessage(), e);
  } finally {
    if (client != null) {
      client.close();
    }
  }
}";"public void downloadStatement(String accountId) {
  AndroidHttpClient client = null;
  try {
    client = AndroidHttpClient.newInstance(""FinancePro/2.5"");
    HttpGet get = new HttpGet(BANK_API + ""/accounts/"" + accountId + ""/statement"");
    HttpResponse response = client.execute(get);
    String pdfUrl = EntityUtils.toString(response.getEntity());
    openStatement(pdfUrl);
  } catch (Exception e) {
    Log.e(TAG, e.getMessage());
  } finally {
    if (client != null) {
      client.close();
    }
  }
}";"public void downloadStatement(String accountId) {
  AndroidHttpClient client = null;
  try {
    client = AndroidHttpClient.newInstance(""FinancePro/2.5"");
    HttpGet get = new HttpGet(BANK_API + ""/accounts/"" + accountId + ""/statement"");
    HttpResponse response = client.execute(get);
    String pdfUrl = EntityUtils.toString(response.getEntity());
    openStatement(pdfUrl);
  } catch (Exception e) {
    Log.e(TAG, e.getMessage());
  } finally {
    if (client != null) {
      client.close();
    }
  }
}";0;0;0
Case_164_Zxing_SINTETICO_9_BUG;App de Clima;android.net.http.AndroidHttpClient;"public void updateWeatherIcon(String city) {
  try {
    URI uri = new URI(WEATHER_API + ""/icon?city="" + city);
    HttpGet get = new HttpGet(uri);
    AndroidHttpClient client = AndroidHttpClient.newInstance(""WeatherNow/7.0"");
    HttpResponse response = client.execute(get);
    Bitmap icon = BitmapFactory.decodeStream(response.getEntity().getContent());
    mIconView.setImageBitmap(icon);
  } catch (Exception e) {
    Log.e(TAG, ""Não foi possível atualizar o ícone"", e);
  }
}
";1;"public void updateWeatherIcon(String city) {
  AndroidHttpClient client = null;
  InputStream inputStream = null;
  try {
    URI uri = new URI(WEATHER_API + ""/icon?city="" + city);
    HttpGet get = new HttpGet(uri);
    client = AndroidHttpClient.newInstance(""WeatherNow/7.0"");
    HttpResponse response = client.execute(get);
    inputStream = response.getEntity().getContent();
    Bitmap icon = BitmapFactory.decodeStream(inputStream);
    mIconView.setImageBitmap(icon);
  } catch (Exception e) {
    Log.e(TAG, ""Não foi possível atualizar o ícone"", e);
  } finally {
    if (inputStream != null) {
      try {
        inputStream.close();
      } catch (IOException ignored) {
      }
    }
    if (client != null) {
      client.close();
    }
  }
}";"public void updateWeatherIcon(String city) {
  AndroidHttpClient client = null;
  try {
    URI uri = new URI(WEATHER_API + ""/icon?city="" + city);
    HttpGet get = new HttpGet(uri);
    client = AndroidHttpClient.newInstance(""WeatherNow/7.0"");
    HttpResponse response = client.execute(get);
    InputStream inputStream = response.getEntity().getContent();
    try {
      Bitmap icon = BitmapFactory.decodeStream(inputStream);
      mIconView.setImageBitmap(icon);
    } finally {
      inputStream.close();
    }
  } catch (Exception e) {
    Log.e(TAG, ""Não foi possível atualizar o ícone"", e);
  } finally {
    if (client != null) {
      client.close();
    }
  }
}";"public void updateWeatherIcon(String city) {
  AndroidHttpClient client = null;
  try {
    URI uri = new URI(WEATHER_API + ""/icon?city="" + city);
    HttpGet get = new HttpGet(uri);
    client = AndroidHttpClient.newInstance(""WeatherNow/7.0"");
    HttpResponse response = client.execute(get);
    try (InputStream is = response.getEntity().getContent()) {
      Bitmap icon = BitmapFactory.decodeStream(is);
      mIconView.setImageBitmap(icon);
    }
  } catch (Exception e) {
    Log.e(TAG, ""Não foi possível atualizar o ícone"", e);
  } finally {
    if (client != null) {
      client.close();
    }
  }
}";0;0;0
Case_164_Zxing_SINTETICO_10_BUG;App de Educação;android.net.http.AndroidHttpClient;"public void downloadLessonAssets(String lessonId) {
  try {
    HttpGet get = new HttpGet(EDU_API + ""/lessons/"" + lessonId + ""/assets"");
    AndroidHttpClient client = AndroidHttpClient.newInstance(""LearnPlus/1.0"");
    HttpResponse response = client.execute(get);
    String assetsJson = EntityUtils.toString(response.getEntity());
    cacheAssets(assetsJson);
  } catch (IOException e) {
    Log.e(TAG, e.toString());
  }
}
";1;"public void downloadLessonAssets(String lessonId) {
  AndroidHttpClient client = null;
  try {
    HttpGet get = new HttpGet(EDU_API + ""/lessons/"" + lessonId + ""/assets"");
    client = AndroidHttpClient.newInstance(""LearnPlus/1.0"");
    HttpResponse response = client.execute(get);
    String assetsJson = EntityUtils.toString(response.getEntity());
    cacheAssets(assetsJson);
  } catch (IOException e) {
    Log.e(TAG, e.toString());
  } finally {
    if (client != null) {
      client.close();
    }
  }
}";"public void downloadLessonAssets(String lessonId) {
  AndroidHttpClient client = null;
  try {
    HttpGet get = new HttpGet(EDU_API + ""/lessons/"" + lessonId + ""/assets"");
    client = AndroidHttpClient.newInstance(""LearnPlus/1.0"");
    HttpResponse response = client.execute(get);
    String assetsJson = EntityUtils.toString(response.getEntity());
    cacheAssets(assetsJson);
  } catch (IOException e) {
    Log.e(TAG, e.toString());
  } finally {
    if (client != null) {
      client.close();
    }
  }
}";"public void downloadLessonAssets(String lessonId) {
  AndroidHttpClient client = null;
  try {
    HttpGet get = new HttpGet(EDU_API + ""/lessons/"" + lessonId + ""/assets"");
    client = AndroidHttpClient.newInstance(""LearnPlus/1.0"");
    HttpResponse response = client.execute(get);
    String assetsJson = EntityUtils.toString(response.getEntity());
    cacheAssets(assetsJson);
  } catch (IOException e) {
    Log.e(TAG, e.toString());
  } finally {
    if (client != null) {
      client.close();
    }
  }
}";0;0;0
Case_164_Zxing_SINTETICO_11_BUG;App de Mensagens;android.net.http.AndroidHttpClient;"public void syncConversation(String threadId) {
  try {
    AndroidHttpClient client = AndroidHttpClient.newInstance(""ChatWave/8.4"");
    HttpPost post = new HttpPost(CHAT_API + ""/threads/"" + threadId + ""/sync"");
    HttpResponse response = client.execute(post);
    String payload = EntityUtils.toString(response.getEntity());
    mergeMessages(payload);
  } catch (Exception e) {
    Log.e(TAG, ""sync failed"", e);
  }
}
";1;"public void syncConversation(String threadId) {
  AndroidHttpClient client = null;
  try {
    client = AndroidHttpClient.newInstance(""ChatWave/8.4"");
    HttpPost post = new HttpPost(CHAT_API + ""/threads/"" + threadId + ""/sync"");
    HttpResponse response = client.execute(post);
    String payload = EntityUtils.toString(response.getEntity());
    mergeMessages(payload);
  } catch (Exception e) {
    Log.e(TAG, ""sync failed"", e);
  } finally {
    if (client != null) {
      client.close();
    }
  }
}";"public void syncConversation(String threadId) {
  AndroidHttpClient client = null;
  try {
    client = AndroidHttpClient.newInstance(""ChatWave/8.4"");
    HttpPost post = new HttpPost(CHAT_API + ""/threads/"" + threadId + ""/sync"");
    HttpResponse response = client.execute(post);
    String payload = EntityUtils.toString(response.getEntity());
    mergeMessages(payload);
  } catch (Exception e) {
    Log.e(TAG, ""sync failed"", e);
  } finally {
    if (client != null) {
      client.close();
    }
  }
}";"public void syncConversation(String threadId) {
  AndroidHttpClient client = null;
  try {
    client = AndroidHttpClient.newInstance(""ChatWave/8.4"");
    HttpPost post = new HttpPost(CHAT_API + ""/threads/"" + threadId + ""/sync"");
    HttpResponse response = client.execute(post);
    String payload = EntityUtils.toString(response.getEntity());
    mergeMessages(payload);
  } catch (Exception e) {
    Log.e(TAG, ""sync failed"", e);
  } finally {
    if (client != null) {
      client.close();
    }
  }
}";0;0;0
Case_166_IRCCloud_SINTETICO_1_BUG;App de Música;android.net.wifi.WifiManager.WifiLock;"private WifiManager.WifiLock wifiLock = null;
private boolean streaming = false;
private int reconnectAttempts = 0;

public void startPlayback(String streamUrl) {
    wifiLock = wifiManager.createWifiLock(WifiManager.WIFI_MODE_FULL_HIGH_PERF, ""MusicStreamLock"");
    wifiLock.acquire();
    streaming = true;
    reconnectAttempts++;
    player.connect(streamUrl);
}

public void onPlaybackStopped() {
    streaming = false;
    player.stop();
}
";1;"private WifiManager.WifiLock wifiLock = null;
private boolean streaming = false;
private int reconnectAttempts = 0;

public void startPlayback(String streamUrl) {
    releaseWifiLockIfHeld();
    wifiLock = wifiManager.createWifiLock(WifiManager.WIFI_MODE_FULL_HIGH_PERF, ""MusicStreamLock"");
    wifiLock.setReferenceCounted(false);
    wifiLock.acquire();
    streaming = true;
    reconnectAttempts++;
    player.connect(streamUrl);
}

public void onPlaybackStopped() {
    streaming = false;
    try {
        player.stop();
    } finally {
        releaseWifiLockIfHeld();
    }
}

private void releaseWifiLockIfHeld() {
    if (wifiLock != null) {
        if (wifiLock.isHeld()) {
            wifiLock.release();
        }
        wifiLock = null;
    }
}";"private WifiManager.WifiLock wifiLock = null;
private boolean streaming = false;
private int reconnectAttempts = 0;

public void startPlayback(String streamUrl) {
    if (wifiLock != null && wifiLock.isHeld()) {
        wifiLock.release();
    }
    wifiLock = wifiManager.createWifiLock(WifiManager.WIFI_MODE_FULL_HIGH_PERF, ""MusicStreamLock"");
    wifiLock.acquire();
    streaming = true;
    reconnectAttempts++;
    player.connect(streamUrl);
}

public void onPlaybackStopped() {
    streaming = false;
    player.stop();
    if (wifiLock != null && wifiLock.isHeld()) {
        wifiLock.release();
        wifiLock = null;
    }
}";"private WifiManager.WifiLock wifiLock = null;
private boolean streaming = false;
private int reconnectAttempts = 0;

public void startPlayback(String streamUrl) {
    if (wifiLock == null) {
        wifiLock = wifiManager.createWifiLock(WifiManager.WIFI_MODE_FULL_HIGH_PERF, ""MusicStreamLock"");
    }
    if (!wifiLock.isHeld()) {
        wifiLock.acquire();
    }
    streaming = true;
    reconnectAttempts++;
    player.connect(streamUrl);
}

public void onPlaybackStopped() {
    streaming = false;
    player.stop();
    if (wifiLock != null && wifiLock.isHeld()) {
        wifiLock.release();
    }
}";0;0;0
Case_166_IRCCloud_SINTETICO_2_BUG;App de Scanner de Documentos;android.net.wifi.WifiManager.WifiLock;"private WifiManager.WifiLock scanWifiLock;
private boolean scanning = false;
private int pageCount = 0;

public void startRemoteScan() {
    scanWifiLock = wifiManager.createWifiLock(WifiManager.WIFI_MODE_FULL, ""ScannerUploadLock"");
    scanWifiLock.acquire();
    scanning = true;
    pageCount = 0;
    uploadService.beginSession();
}

public void finishScan() {
    scanning = false;
    uploadService.endSession();
}
";1;"private WifiManager.WifiLock scanWifiLock;
private boolean scanning = false;
private int pageCount = 0;

public void startRemoteScan() {
    if (scanWifiLock == null) {
        scanWifiLock = wifiManager.createWifiLock(WifiManager.WIFI_MODE_FULL, ""ScannerUploadLock"");
        scanWifiLock.setReferenceCounted(false);
    }
    if (!scanWifiLock.isHeld()) {
        scanWifiLock.acquire();
    }
    scanning = true;
    pageCount = 0;
    uploadService.beginSession();
}

public void finishScan() {
    scanning = false;
    try {
        uploadService.endSession();
    } finally {
        if (scanWifiLock != null && scanWifiLock.isHeld()) {
            scanWifiLock.release();
        }
    }
}";"private WifiManager.WifiLock scanWifiLock;
private boolean scanning = false;
private int pageCount = 0;

public void startRemoteScan() {
    scanWifiLock = wifiManager.createWifiLock(WifiManager.WIFI_MODE_FULL, ""ScannerUploadLock"");
    scanWifiLock.acquire();
    scanning = true;
    pageCount = 0;
    uploadService.beginSession();
}

public void finishScan() {
    scanning = false;
    uploadService.endSession();
    if (scanWifiLock != null && scanWifiLock.isHeld()) {
        scanWifiLock.release();
        scanWifiLock = null;
    }
}";"private WifiManager.WifiLock scanWifiLock;
private boolean scanning = false;
private int pageCount = 0;

public void startRemoteScan() {
    scanWifiLock = wifiManager.createWifiLock(WifiManager.WIFI_MODE_FULL, ""ScannerUploadLock"");
    scanWifiLock.acquire();
    scanning = true;
    pageCount = 0;
    uploadService.beginSession();
}

public void finishScan() {
    scanning = false;
    uploadService.endSession();
    if (scanWifiLock != null && scanWifiLock.isHeld()) {
        scanWifiLock.release();
    }
}";0;0;0
Case_166_IRCCloud_SINTETICO_3_BUG;App de Fitness com Treinos ao Vivo;android.net.wifi.WifiManager.WifiLock;"private WifiManager.WifiLock workoutLock = null;
private long sessionStart = 0L;
private int heartRateSamples = 0;

public void startLiveWorkout() {
    workoutLock = wifiManager.createWifiLock(WifiManager.WIFI_MODE_FULL_HIGH_PERF, ""WorkoutLiveLock"");
    workoutLock.acquire();
    sessionStart = System.currentTimeMillis();
    heartRateSamples = 0;
    liveCoach.connect();
}

public void endLiveWorkout() {
    liveCoach.disconnect();
    sessionStart = 0L;
}
";1;"private WifiManager.WifiLock workoutLock = null;
private long sessionStart = 0L;
private int heartRateSamples = 0;

public void startLiveWorkout() {
    if (workoutLock == null) {
        workoutLock = wifiManager.createWifiLock(WifiManager.WIFI_MODE_FULL_HIGH_PERF, ""WorkoutLiveLock"");
        workoutLock.setReferenceCounted(false);
    }
    if (!workoutLock.isHeld()) {
        workoutLock.acquire();
    }
    sessionStart = System.currentTimeMillis();
    heartRateSamples = 0;
    liveCoach.connect();
}

public void endLiveWorkout() {
    try {
        liveCoach.disconnect();
    } finally {
        sessionStart = 0L;
        if (workoutLock != null && workoutLock.isHeld()) {
            workoutLock.release();
        }
    }
}";"private WifiManager.WifiLock workoutLock = null;
private long sessionStart = 0L;
private int heartRateSamples = 0;

public void startLiveWorkout() {
    if (workoutLock != null && workoutLock.isHeld()) {
        workoutLock.release();
    }
    workoutLock = wifiManager.createWifiLock(WifiManager.WIFI_MODE_FULL_HIGH_PERF, ""WorkoutLiveLock"");
    workoutLock.acquire();
    sessionStart = System.currentTimeMillis();
    heartRateSamples = 0;
    liveCoach.connect();
}

public void endLiveWorkout() {
    liveCoach.disconnect();
    if (workoutLock != null && workoutLock.isHeld()) {
        workoutLock.release();
    }
    workoutLock = null;
    sessionStart = 0L;
}";"private WifiManager.WifiLock workoutLock = null;
private long sessionStart = 0L;
private int heartRateSamples = 0;

public void startLiveWorkout() {
    workoutLock = wifiManager.createWifiLock(WifiManager.WIFI_MODE_FULL_HIGH_PERF, ""WorkoutLiveLock"");
    workoutLock.acquire();
    sessionStart = System.currentTimeMillis();
    heartRateSamples = 0;
    liveCoach.connect();
}

public void endLiveWorkout() {
    liveCoach.disconnect();
    sessionStart = 0L;
    if (workoutLock != null && workoutLock.isHeld()) {
        workoutLock.release();
    }
}";0;0;0
Case_166_IRCCloud_SINTETICO_4_BUG;App de Navegação GPS;android.net.wifi.WifiManager.WifiLock;"private WifiManager.WifiLock navigationLock;
private boolean routeActive = false;
private int rerouteCount = 0;

public void beginNavigation(String destination) {
    navigationLock = wifiManager.createWifiLock(WifiManager.WIFI_MODE_FULL, ""NavSyncLock"");
    navigationLock.acquire();
    routeActive = true;
    rerouteCount = 0;
    mapSync.start(destination);
}

public void stopNavigation() {
    routeActive = false;
    mapSync.stop();
}
";1;"private WifiManager.WifiLock navigationLock;
private boolean routeActive = false;
private int rerouteCount = 0;

public void beginNavigation(String destination) {
    if (navigationLock == null) {
        navigationLock = wifiManager.createWifiLock(WifiManager.WIFI_MODE_FULL, ""NavSyncLock"");
        navigationLock.setReferenceCounted(false);
    }
    if (!navigationLock.isHeld()) {
        navigationLock.acquire();
    }
    routeActive = true;
    rerouteCount = 0;
    try {
        mapSync.start(destination);
    } catch (RuntimeException e) {
        routeActive = false;
        if (navigationLock.isHeld()) {
            navigationLock.release();
        }
        throw e;
    }
}

public void stopNavigation() {
    routeActive = false;
    try {
        mapSync.stop();
    } finally {
        if (navigationLock != null && navigationLock.isHeld()) {
            navigationLock.release();
        }
    }
}";"private WifiManager.WifiLock navigationLock;
private boolean routeActive = false;
private int rerouteCount = 0;

public void beginNavigation(String destination) {
    if (navigationLock != null && navigationLock.isHeld()) {
        navigationLock.release();
    }
    navigationLock = wifiManager.createWifiLock(WifiManager.WIFI_MODE_FULL, ""NavSyncLock"");
    navigationLock.acquire();
    routeActive = true;
    rerouteCount = 0;
    mapSync.start(destination);
}

public void stopNavigation() {
    routeActive = false;
    mapSync.stop();
    if (navigationLock != null && navigationLock.isHeld()) {
        navigationLock.release();
        navigationLock = null;
    }
}";"private WifiManager.WifiLock navigationLock;
private boolean routeActive = false;
private int rerouteCount = 0;

public void beginNavigation(String destination) {
    navigationLock = wifiManager.createWifiLock(WifiManager.WIFI_MODE_FULL, ""NavSyncLock"");
    navigationLock.acquire();
    routeActive = true;
    rerouteCount = 0;
    mapSync.start(destination);
}

public void stopNavigation() {
    routeActive = false;
    mapSync.stop();
    if (navigationLock != null && navigationLock.isHeld()) {
        navigationLock.release();
    }
}";0;0;0
Case_166_IRCCloud_SINTETICO_5_BUG;App de Backup na Nuvem;android.net.wifi.WifiManager.WifiLock;"private WifiManager.WifiLock backupLock = null;
private boolean backupRunning = false;
private long bytesUploaded = 0L;

public void startBackup() {
    backupLock = wifiManager.createWifiLock(WifiManager.WIFI_MODE_FULL_HIGH_PERF, ""CloudBackupLock"");
    backupLock.acquire();
    backupRunning = true;
    bytesUploaded = 0L;
    backupEngine.enqueueAll();
}

public void cancelBackup() {
    backupRunning = false;
    backupEngine.cancelAll();
}
";1;"private WifiManager.WifiLock backupLock = null;
private boolean backupRunning = false;
private long bytesUploaded = 0L;

public void startBackup() {
    releaseBackupLockIfHeld();
    backupLock = wifiManager.createWifiLock(WifiManager.WIFI_MODE_FULL_HIGH_PERF, ""CloudBackupLock"");
    backupLock.setReferenceCounted(false);
    backupLock.acquire();
    backupRunning = true;
    bytesUploaded = 0L;
    try {
        backupEngine.enqueueAll();
    } catch (RuntimeException e) {
        backupRunning = false;
        releaseBackupLockIfHeld();
        throw e;
    }
}

public void cancelBackup() {
    backupRunning = false;
    try {
        backupEngine.cancelAll();
    } finally {
        releaseBackupLockIfHeld();
    }
}

private void releaseBackupLockIfHeld() {
    if (backupLock != null) {
        try {
            if (backupLock.isHeld()) {
                backupLock.release();
            }
        } finally {
            backupLock = null;
        }
    }
}";"private WifiManager.WifiLock backupLock = null;
private boolean backupRunning = false;
private long bytesUploaded = 0L;

public void startBackup() {
    backupLock = wifiManager.createWifiLock(WifiManager.WIFI_MODE_FULL_HIGH_PERF, ""CloudBackupLock"");
    backupLock.acquire();
    backupRunning = true;
    bytesUploaded = 0L;
    backupEngine.enqueueAll();
}

public void cancelBackup() {
    backupRunning = false;
    backupEngine.cancelAll();
    if (backupLock != null && backupLock.isHeld()) {
        backupLock.release();
        backupLock = null;
    }
}";"private WifiManager.WifiLock backupLock = null;
private boolean backupRunning = false;
private long bytesUploaded = 0L;

public void startBackup() {
    if (backupLock != null && backupLock.isHeld()) {
        backupLock.release();
    }
    backupLock = wifiManager.createWifiLock(WifiManager.WIFI_MODE_FULL_HIGH_PERF, ""CloudBackupLock"");
    backupLock.acquire();
    backupRunning = true;
    bytesUploaded = 0L;
    backupEngine.enqueueAll();
}

public void cancelBackup() {
    backupRunning = false;
    backupEngine.cancelAll();
    if (backupLock != null && backupLock.isHeld()) {
        backupLock.release();
    }
}";0;0;0
Case_166_IRCCloud_SINTETICO_6_BUG;App de Videochamada;android.net.wifi.WifiManager.WifiLock;"private WifiManager.WifiLock callLock = null;
private boolean inCall = false;
private int packetLossEvents = 0;

public void joinCall(String roomId) {
    callLock = wifiManager.createWifiLock(WifiManager.WIFI_MODE_FULL_HIGH_PERF, ""VideoCallLock"");
    callLock.acquire();
    inCall = true;
    packetLossEvents = 0;
    rtcClient.join(roomId);
}

public void leaveCall() {
    inCall = false;
    rtcClient.leave();
}
";1;"private WifiManager.WifiLock callLock = null;
private boolean inCall = false;
private int packetLossEvents = 0;

public void joinCall(String roomId) {
    if (callLock == null) {
        callLock = wifiManager.createWifiLock(WifiManager.WIFI_MODE_FULL_HIGH_PERF, ""VideoCallLock"");
        callLock.setReferenceCounted(false);
    }
    if (!callLock.isHeld()) {
        callLock.acquire();
    }
    inCall = true;
    packetLossEvents = 0;
    try {
        rtcClient.join(roomId);
    } catch (RuntimeException e) {
        releaseCallLock();
        inCall = false;
        throw e;
    }
}

public void leaveCall() {
    inCall = false;
    try {
        rtcClient.leave();
    } finally {
        releaseCallLock();
    }
}

private void releaseCallLock() {
    if (callLock != null && callLock.isHeld()) {
        callLock.release();
    }
}";"private WifiManager.WifiLock callLock = null;
private boolean inCall = false;
private int packetLossEvents = 0;

public void joinCall(String roomId) {
    if (callLock != null && callLock.isHeld()) {
        callLock.release();
    }
    callLock = wifiManager.createWifiLock(WifiManager.WIFI_MODE_FULL_HIGH_PERF, ""VideoCallLock"");
    callLock.acquire();
    inCall = true;
    packetLossEvents = 0;
    rtcClient.join(roomId);
}

public void leaveCall() {
    inCall = false;
    rtcClient.leave();
    if (callLock != null && callLock.isHeld()) {
        callLock.release();
    }
    callLock = null;
}";"private WifiManager.WifiLock callLock = null;
private boolean inCall = false;
private int packetLossEvents = 0;

public void joinCall(String roomId) {
    callLock = wifiManager.createWifiLock(WifiManager.WIFI_MODE_FULL_HIGH_PERF, ""VideoCallLock"");
    callLock.acquire();
    inCall = true;
    packetLossEvents = 0;
    rtcClient.join(roomId);
}

public void leaveCall() {
    inCall = false;
    rtcClient.leave();
    if (callLock != null && callLock.isHeld()) {
        callLock.release();
        callLock = null;
    }
}";0;0;0
Case_166_IRCCloud_SINTETICO_7_BUG;App de Upload de Fotos;android.net.wifi.WifiManager.WifiLock;"private WifiManager.WifiLock uploadLock = null;
private boolean uploading = false;
private int retryCount = 0;

public void startPhotoUpload() {
    uploadLock = wifiManager.createWifiLock(WifiManager.WIFI_MODE_FULL, ""PhotoUploadLock"");
    uploadLock.acquire();
    uploading = true;
    retryCount = 0;
    photoSync.uploadPending();
}

public void onUploadFinished() {
    uploading = false;
    photoSync.clearQueue();
}
";1;"private WifiManager.WifiLock uploadLock = null;
private boolean uploading = false;
private int retryCount = 0;

public void startPhotoUpload() {
    releaseUploadLockIfHeld();
    uploadLock = wifiManager.createWifiLock(WifiManager.WIFI_MODE_FULL, ""PhotoUploadLock"");
    uploadLock.setReferenceCounted(false);
    uploadLock.acquire();
    uploading = true;
    retryCount = 0;
    try {
        photoSync.uploadPending();
    } catch (RuntimeException e) {
        uploading = false;
        releaseUploadLockIfHeld();
        throw e;
    }
}

public void onUploadFinished() {
    uploading = false;
    try {
        photoSync.clearQueue();
    } finally {
        releaseUploadLockIfHeld();
    }
}

private void releaseUploadLockIfHeld() {
    if (uploadLock != null) {
        if (uploadLock.isHeld()) {
            uploadLock.release();
        }
        uploadLock = null;
    }
}";"private WifiManager.WifiLock uploadLock = null;
private boolean uploading = false;
private int retryCount = 0;

public void startPhotoUpload() {
    if (uploadLock != null && uploadLock.isHeld()) {
        uploadLock.release();
    }
    uploadLock = wifiManager.createWifiLock(WifiManager.WIFI_MODE_FULL, ""PhotoUploadLock"");
    uploadLock.acquire();
    uploading = true;
    retryCount = 0;
    photoSync.uploadPending();
}

public void onUploadFinished() {
    uploading = false;
    if (uploadLock != null && uploadLock.isHeld()) {
        uploadLock.release();
        uploadLock = null;
    }
    photoSync.clearQueue();
}";"private WifiManager.WifiLock uploadLock = null;
private boolean uploading = false;
private int retryCount = 0;

public void startPhotoUpload() {
    if (uploadLock == null) {
        uploadLock = wifiManager.createWifiLock(WifiManager.WIFI_MODE_FULL, ""PhotoUploadLock"");
    }
    if (!uploadLock.isHeld()) {
        uploadLock.acquire();
    }
    uploading = true;
    retryCount = 0;
    photoSync.uploadPending();
}

public void onUploadFinished() {
    uploading = false;
    photoSync.clearQueue();
    if (uploadLock != null && uploadLock.isHeld()) {
        uploadLock.release();
    }
}";0;0;0
Case_166_IRCCloud_SINTETICO_8_BUG;App de Streaming de Rádio;android.net.wifi.WifiManager.WifiLock;"private WifiManager.WifiLock radioLock;
private boolean radioPlaying = false;
private String currentStation = null;

public void playStation(String stationUrl) {
    radioLock = wifiManager.createWifiLock(WifiManager.WIFI_MODE_FULL_HIGH_PERF, ""RadioStreamLock"");
    radioLock.acquire();
    radioPlaying = true;
    currentStation = stationUrl;
    radioPlayer.tune(stationUrl);
}

public void stopStation() {
    radioPlaying = false;
    radioPlayer.stop();
    currentStation = null;
}
";1;"private WifiManager.WifiLock radioLock;
private boolean radioPlaying = false;
private String currentStation = null;

public void playStation(String stationUrl) {
    releaseRadioLockIfHeld();
    radioLock = wifiManager.createWifiLock(WifiManager.WIFI_MODE_FULL_HIGH_PERF, ""RadioStreamLock"");
    radioLock.setReferenceCounted(false);
    radioLock.acquire();
    try {
        radioPlayer.tune(stationUrl);
        radioPlaying = true;
        currentStation = stationUrl;
    } catch (RuntimeException e) {
        releaseRadioLockIfHeld();
        radioPlaying = false;
        currentStation = null;
        throw e;
    }
}

public void stopStation() {
    try {
        radioPlayer.stop();
    } finally {
        radioPlaying = false;
        currentStation = null;
        releaseRadioLockIfHeld();
    }
}

private void releaseRadioLockIfHeld() {
    if (radioLock != null) {
        if (radioLock.isHeld()) {
            radioLock.release();
        }
        radioLock = null;
    }
}";"private WifiManager.WifiLock radioLock;
private boolean radioPlaying = false;
private String currentStation = null;

public void playStation(String stationUrl) {
    if (radioLock != null && radioLock.isHeld()) {
        radioLock.release();
    }
    radioLock = wifiManager.createWifiLock(WifiManager.WIFI_MODE_FULL_HIGH_PERF, ""RadioStreamLock"");
    radioLock.acquire();
    radioPlaying = true;
    currentStation = stationUrl;
    radioPlayer.tune(stationUrl);
}

public void stopStation() {
    radioPlaying = false;
    radioPlayer.stop();
    currentStation = null;
    if (radioLock != null && radioLock.isHeld()) {
        radioLock.release();
        radioLock = null;
    }
}";"private WifiManager.WifiLock radioLock;
private boolean radioPlaying = false;
private String currentStation = null;

public void playStation(String stationUrl) {
    if (radioLock == null) {
        radioLock = wifiManager.createWifiLock(WifiManager.WIFI_MODE_FULL_HIGH_PERF, ""RadioStreamLock"");
    }
    if (!radioLock.isHeld()) {
        radioLock.acquire();
    }
    radioPlaying = true;
    currentStation = stationUrl;
    radioPlayer.tune(stationUrl);
}

public void stopStation() {
    radioPlaying = false;
    radioPlayer.stop();
    currentStation = null;
    if (radioLock != null && radioLock.isHeld()) {
        radioLock.release();
    }
}";0;0;0
Case_166_IRCCloud_SINTETICO_9_BUG;App de Monitorização IoT;android.net.wifi.WifiManager.WifiLock;"private WifiManager.WifiLock sensorLock = null;
private boolean monitoring = false;
private int deviceCount = 0;

public void startMonitoring() {
    sensorLock = wifiManager.createWifiLock(WifiManager.WIFI_MODE_FULL, ""IoTMonitorLock"");
    sensorLock.acquire();
    monitoring = true;
    deviceCount = 0;
    mqttClient.connect();
}

public void stopMonitoring() {
    monitoring = false;
    mqttClient.disconnect();
}
";1;"private WifiManager.WifiLock sensorLock = null;
private boolean monitoring = false;
private int deviceCount = 0;

public void startMonitoring() {
    if (sensorLock == null) {
        sensorLock = wifiManager.createWifiLock(WifiManager.WIFI_MODE_FULL, ""IoTMonitorLock"");
        sensorLock.setReferenceCounted(false);
    }
    if (!sensorLock.isHeld()) {
        sensorLock.acquire();
    }
    monitoring = true;
    deviceCount = 0;
    mqttClient.connect();
}

public void stopMonitoring() {
    monitoring = false;
    mqttClient.disconnect();
    if (sensorLock != null && sensorLock.isHeld()) {
        sensorLock.release();
    }
}";"private WifiManager.WifiLock sensorLock = null;
private boolean monitoring = false;
private int deviceCount = 0;

public void startMonitoring() {
    sensorLock = wifiManager.createWifiLock(WifiManager.WIFI_MODE_FULL, ""IoTMonitorLock"");
    sensorLock.acquire();
    monitoring = true;
    deviceCount = 0;
    mqttClient.connect();
}

public void stopMonitoring() {
    monitoring = false;
    mqttClient.disconnect();
    if (sensorLock != null && sensorLock.isHeld()) {
        sensorLock.release();
        sensorLock = null;
    }
}";"private WifiManager.WifiLock sensorLock = null;
private boolean monitoring = false;
private int deviceCount = 0;

public void startMonitoring() {
    sensorLock = wifiManager.createWifiLock(WifiManager.WIFI_MODE_FULL, ""IoTMonitorLock"");
    sensorLock.acquire();
    monitoring = true;
    deviceCount = 0;
    mqttClient.connect();
}

public void stopMonitoring() {
    monitoring = false;
    mqttClient.disconnect();
    if (sensorLock != null && sensorLock.isHeld()) {
        sensorLock.release();
    }
}";0;0;0
Case_166_IRCCloud_SINTETICO_10_BUG;App de E-learning com Aula ao Vivo;android.net.wifi.WifiManager.WifiLock;"private WifiManager.WifiLock classLock = null;
private boolean classLive = false;
private int chatMessages = 0;

public void startLiveClass(String roomCode) {
    classLock = wifiManager.createWifiLock(WifiManager.WIFI_MODE_FULL_HIGH_PERF, ""EClassLock"");
    classLock.acquire();
    classLive = true;
    chatMessages = 0;
    classroom.connect(roomCode);
}

public void endLiveClass() {
    classLive = false;
    classroom.disconnect();
}
";1;"private WifiManager.WifiLock classLock = null;
private boolean classLive = false;
private int chatMessages = 0;

public void startLiveClass(String roomCode) {
    if (classLock == null) {
        classLock = wifiManager.createWifiLock(WifiManager.WIFI_MODE_FULL_HIGH_PERF, ""EClassLock"");
        classLock.setReferenceCounted(false);
    }
    if (!classLock.isHeld()) {
        classLock.acquire();
    }
    classLive = true;
    chatMessages = 0;
    classroom.connect(roomCode);
}

public void endLiveClass() {
    classLive = false;
    classroom.disconnect();
    if (classLock != null && classLock.isHeld()) {
        classLock.release();
    }
}";"private WifiManager.WifiLock classLock = null;
private boolean classLive = false;
private int chatMessages = 0;

public void startLiveClass(String roomCode) {
    classLock = wifiManager.createWifiLock(WifiManager.WIFI_MODE_FULL_HIGH_PERF, ""EClassLock"");
    classLock.acquire();
    classLive = true;
    chatMessages = 0;
    classroom.connect(roomCode);
}

public void endLiveClass() {
    classLive = false;
    classroom.disconnect();
    if (classLock != null && classLock.isHeld()) {
        classLock.release();
        classLock = null;
    }
}";"private WifiManager.WifiLock classLock = null;
private boolean classLive = false;
private int chatMessages = 0;

public void startLiveClass(String roomCode) {
    classLock = wifiManager.createWifiLock(WifiManager.WIFI_MODE_FULL_HIGH_PERF, ""EClassLock"");
    classLock.acquire();
    classLive = true;
    chatMessages = 0;
    classroom.connect(roomCode);
}

public void endLiveClass() {
    classLive = false;
    classroom.disconnect();
    if (classLock != null && classLock.isHeld()) {
        classLock.release();
    }
}";0;0;0
Case_168_Cgeo_SINTETICO_1_BUG;App de Música;android.os.Parcel;"final Track track2 = Track.CREATOR.createFromParcel(parcel);

        assertThat(track1).isEqualTo(track2);
    }
}";1;"final Track track2;
try {
    track2 = Track.CREATOR.createFromParcel(parcel);
} finally {
    parcel.recycle();
}

assertThat(track1).isEqualTo(track2);
    }
}";"final Track track2 = Track.CREATOR.createFromParcel(parcel);
        parcel.recycle();

        assertThat(track1).isEqualTo(track2);
    }
}";"final Track track2 = Track.CREATOR.createFromParcel(parcel);

        assertThat(track1).isEqualTo(track2);
        parcel.recycle();
    }
}";0;1;1
Case_168_Cgeo_SINTETICO_2_BUG;App de Scanner de Documentos;android.os.Parcel;"final ScanResult result2 = ScanResult.CREATOR.createFromParcel(parcel);

        assertThat(result1.getPages()).hasSize(result2.getPages().size());
    }
}";1;"final ScanResult result2;
try {
    result2 = ScanResult.CREATOR.createFromParcel(parcel);
} finally {
    parcel.recycle();
}

assertThat(result1.getPages()).hasSize(result2.getPages().size());
    }
}";"final ScanResult result2 = ScanResult.CREATOR.createFromParcel(parcel);

        try {
            assertThat(result1.getPages()).hasSize(result2.getPages().size());
        } finally {
            parcel.recycle();
        }
    }
}";"final ScanResult result2 = ScanResult.CREATOR.createFromParcel(parcel);
        parcel.recycle();

        assertThat(result1.getPages()).hasSize(result2.getPages().size());
    }
}";0;0;1
Case_168_Cgeo_SINTETICO_3_BUG;App de Fitness;android.os.Parcel;"final WorkoutSession session2 = WorkoutSession.CREATOR.createFromParcel(parcel);

        assertThat(session1.getDuration()).isEqualTo(session2.getDuration());
    }
}";1;"final WorkoutSession session2;
try {
    session2 = WorkoutSession.CREATOR.createFromParcel(parcel);
} finally {
    parcel.recycle();
}

assertThat(session1.getDuration()).isEqualTo(session2.getDuration());
    }
}";"final WorkoutSession session2 = WorkoutSession.CREATOR.createFromParcel(parcel);

        try {
            assertThat(session1.getDuration()).isEqualTo(session2.getDuration());
        } finally {
            parcel.recycle();
        }
    }
}";"final WorkoutSession session2 = WorkoutSession.CREATOR.createFromParcel(parcel);
parcel.recycle();

        assertThat(session1.getDuration()).isEqualTo(session2.getDuration());
    }
}";0;0;1
Case_168_Cgeo_SINTETICO_4_BUG;App de E-commerce;android.os.Parcel;"final Address address2 = Address.CREATOR.createFromParcel(parcel);

        assertThat(address1).isEqualTo(address2);
    }
}";1;"final Address address2;
try {
    address2 = Address.CREATOR.createFromParcel(parcel);
} finally {
    parcel.recycle();
}

assertThat(address1).isEqualTo(address2);
    }
}";"final Address address2 = Address.CREATOR.createFromParcel(parcel);
        parcel.recycle();

        assertThat(address1).isEqualTo(address2);
    }
}";"final Address address2 = Address.CREATOR.createFromParcel(parcel);
        parcel.recycle();

        assertThat(address1).isEqualTo(address2);
    }
}";0;1;1
Case_168_Cgeo_SINTETICO_5_BUG;App de Mensagens;android.os.Parcel;"final MessageThread thread2 = MessageThread.CREATOR.createFromParcel(parcel);

        assertThat(thread1.getId()).isEqualTo(thread2.getId());
    }
}";1;"final MessageThread thread2;
try {
    thread2 = MessageThread.CREATOR.createFromParcel(parcel);
} finally {
    parcel.recycle();
}

assertThat(thread1.getId()).isEqualTo(thread2.getId());
    }
}";"final MessageThread thread2 = MessageThread.CREATOR.createFromParcel(parcel);

        try {
            assertThat(thread1.getId()).isEqualTo(thread2.getId());
        } finally {
            parcel.recycle();
        }
    }
}";"final MessageThread thread2 = MessageThread.CREATOR.createFromParcel(parcel);

        assertThat(thread1.getId()).isEqualTo(thread2.getId());
        parcel.recycle();
    }
}";0;0;1
Case_168_Cgeo_SINTETICO_6_BUG;App de Navegação;android.os.Parcel;"final Route route2 = Route.CREATOR.createFromParcel(parcel);

        assertThat(route1.getDistanceMeters()).isEqualTo(route2.getDistanceMeters());
    }
}";1;"final Route route2;
try {
    route2 = Route.CREATOR.createFromParcel(parcel);
} finally {
    parcel.recycle();
}

assertThat(route1.getDistanceMeters()).isEqualTo(route2.getDistanceMeters());
    }
}";"final Route route2 = Route.CREATOR.createFromParcel(parcel);

        assertThat(route1.getDistanceMeters()).isEqualTo(route2.getDistanceMeters());

        parcel.recycle();
    }
}";"final Route route2 = Route.CREATOR.createFromParcel(parcel);

        assertThat(route1.getDistanceMeters()).isEqualTo(route2.getDistanceMeters());
        parcel.recycle();
    }
}";0;1;1
Case_168_Cgeo_SINTETICO_7_BUG;App de Finanças;android.os.Parcel;"final Transaction transaction2 = Transaction.CREATOR.createFromParcel(parcel);

        assertThat(transaction1).isEqualTo(transaction2);
    }
}";1;"final Transaction transaction2;
try {
    transaction2 = Transaction.CREATOR.createFromParcel(parcel);
} finally {
    parcel.recycle();
}

assertThat(transaction1).isEqualTo(transaction2);
    }
}";"final Transaction transaction2 = Transaction.CREATOR.createFromParcel(parcel);
        parcel.recycle();

        assertThat(transaction1).isEqualTo(transaction2);
    }
}";"final Transaction transaction2 = Transaction.CREATOR.createFromParcel(parcel);

        assertThat(transaction1).isEqualTo(transaction2);
        parcel.recycle();
    }
}";0;1;1
Case_168_Cgeo_SINTETICO_8_BUG;App de Saúde;android.os.Parcel;"final LabResult labResult2 = LabResult.CREATOR.createFromParcel(parcel);

        assertThat(labResult1.getValue()).isEqualTo(labResult2.getValue());
    }
}";1;"final LabResult labResult2;
try {
    labResult2 = LabResult.CREATOR.createFromParcel(parcel);

    assertThat(labResult1.getValue()).isEqualTo(labResult2.getValue());
} finally {
    parcel.recycle();
}
}";"final LabResult labResult2 = LabResult.CREATOR.createFromParcel(parcel);
        parcel.recycle();

        assertThat(labResult1.getValue()).isEqualTo(labResult2.getValue());
    }
}";"final LabResult labResult2 = LabResult.CREATOR.createFromParcel(parcel);

        assertThat(labResult1.getValue()).isEqualTo(labResult2.getValue());
        parcel.recycle();
    }
}";0;1;1
Case_168_Cgeo_SINTETICO_9_BUG;App de Viagens;android.os.Parcel;"final Booking booking2 = Booking.CREATOR.createFromParcel(parcel);

        assertThat(booking1.getReference()).isEqualTo(booking2.getReference());
    }
}";1;"final Booking booking2;
try {
    booking2 = Booking.CREATOR.createFromParcel(parcel);
} finally {
    parcel.recycle();
}

assertThat(booking1.getReference()).isEqualTo(booking2.getReference());
    }
}";"final Booking booking2 = Booking.CREATOR.createFromParcel(parcel);
        parcel.recycle();

        assertThat(booking1.getReference()).isEqualTo(booking2.getReference());
    }
}";"final Booking booking2 = Booking.CREATOR.createFromParcel(parcel);
        parcel.recycle();

        assertThat(booking1.getReference()).isEqualTo(booking2.getReference());
    }
}";0;1;1
Case_168_Cgeo_SINTETICO_10_BUG;App de Jogos;android.os.Parcel;"final PlayerState state2 = PlayerState.CREATOR.createFromParcel(parcel);

        assertThat(state1.getLevel()).isEqualTo(state2.getLevel());
    }
}";1;"final PlayerState state2;
try {
    state2 = PlayerState.CREATOR.createFromParcel(parcel);

    assertThat(state1.getLevel()).isEqualTo(state2.getLevel());
} finally {
    parcel.recycle();
}";"final PlayerState state2 = PlayerState.CREATOR.createFromParcel(parcel);

        try {
            assertThat(state1.getLevel()).isEqualTo(state2.getLevel());
        } finally {
            parcel.recycle();
        }
    }
}";"final PlayerState state2 = PlayerState.CREATOR.createFromParcel(parcel);

        assertThat(state1.getLevel()).isEqualTo(state2.getLevel());
        parcel.recycle();
    }
}";0;0;1
Case_170_K-9 Mail_SINTETICO_1_BUG;App de Musica;android.os.PowerManager.WakeLock;"public void startPlayback(final Context context, final Uri trackUri) {
    PowerManager pm = (PowerManager) context.getSystemService(Context.POWER_SERVICE);
    WakeLock wakeLock = pm.newWakeLock(PowerManager.PARTIAL_WAKE_LOCK, ""MusicPlayer:Playback"");
    wakeLock.setReferenceCounted(false);
    wakeLock.acquire(10 * 60 * 1000L);

    mediaPlayer.setDataSource(context, trackUri);
    mediaPlayer.prepareAsync();
    mediaPlayer.setOnPreparedListener(new MediaPlayer.OnPreparedListener() {
        @Override
        public void onPrepared(MediaPlayer mp) {
            mp.start();
        }
    });
}";1;"public void startPlayback(final Context context, final Uri trackUri) {
    PowerManager pm = (PowerManager) context.getSystemService(Context.POWER_SERVICE);
    final PowerManager.WakeLock wakeLock = pm.newWakeLock(PowerManager.PARTIAL_WAKE_LOCK, ""MusicPlayer:Playback"");
    wakeLock.setReferenceCounted(false);
    wakeLock.acquire(10 * 60 * 1000L);

    try {
        mediaPlayer.setOnPreparedListener(new MediaPlayer.OnPreparedListener() {
            @Override
            public void onPrepared(MediaPlayer mp) {
                try {
                    mp.start();
                } finally {
                    if (wakeLock.isHeld()) {
                        wakeLock.release();
                    }
                }
            }
        });
        mediaPlayer.setDataSource(context, trackUri);
        mediaPlayer.prepareAsync();
    } catch (Exception e) {
        if (wakeLock.isHeld()) {
            wakeLock.release();
        }
        throw new RuntimeException(e);
    }
}";"public void startPlayback(final Context context, final Uri trackUri) {
    PowerManager pm = (PowerManager) context.getSystemService(Context.POWER_SERVICE);
    WakeLock wakeLock = pm.newWakeLock(PowerManager.PARTIAL_WAKE_LOCK, ""MusicPlayer:Playback"");
    wakeLock.setReferenceCounted(false);
    wakeLock.acquire(10 * 60 * 1000L);

    try {
        mediaPlayer.setDataSource(context, trackUri);
        mediaPlayer.prepareAsync();
        mediaPlayer.setOnPreparedListener(new MediaPlayer.OnPreparedListener() {
            @Override
            public void onPrepared(MediaPlayer mp) {
                mp.start();
            }
        });
        mediaPlayer.setOnCompletionListener(new MediaPlayer.OnCompletionListener() {
            @Override
            public void onCompletion(MediaPlayer mp) {
                if (wakeLock.isHeld()) {
                    wakeLock.release();
                }
            }
        });
        mediaPlayer.setOnErrorListener(new MediaPlayer.OnErrorListener() {
            @Override
            public boolean onError(MediaPlayer mp, int what, int extra) {
                if (wakeLock.isHeld()) {
                    wakeLock.release();
                }
                return false;
            }
        });
    } catch (Exception e) {
        if (wakeLock.isHeld()) {
            wakeLock.release();
        }
        throw e;
    }
}";"public void startPlayback(final Context context, final Uri trackUri) {
    PowerManager pm = (PowerManager) context.getSystemService(Context.POWER_SERVICE);
    WakeLock wakeLock = pm.newWakeLock(PowerManager.PARTIAL_WAKE_LOCK, ""MusicPlayer:Playback"");
    wakeLock.setReferenceCounted(false);
    wakeLock.acquire(10 * 60 * 1000L);

    try {
        mediaPlayer.setDataSource(context, trackUri);
        mediaPlayer.prepareAsync();
        mediaPlayer.setOnPreparedListener(new MediaPlayer.OnPreparedListener() {
            @Override
            public void onPrepared(MediaPlayer mp) {
                mp.start();
            }
        });
    } catch (Exception e) {
        if (wakeLock.isHeld()) {
            wakeLock.release();
        }
    }
}";0;0;0
Case_170_K-9 Mail_SINTETICO_2_BUG;App de Scanner de Documentos;android.os.PowerManager.WakeLock;"public void scanDocument(final Context context, final File imageFile) {
    PowerManager pm = (PowerManager) context.getSystemService(Context.POWER_SERVICE);
    WakeLock wakeLock = pm.newWakeLock(PowerManager.PARTIAL_WAKE_LOCK, ""Scanner:OCR"");
    wakeLock.setReferenceCounted(false);
    wakeLock.acquire(5 * 60 * 1000L);

    executor.execute(new Runnable() {
        @Override
        public void run() {
            ocrEngine.process(imageFile);
            callback.onScanFinished();
        }
    });
}";1;"public void scanDocument(final Context context, final File imageFile) {
    PowerManager pm = (PowerManager) context.getSystemService(Context.POWER_SERVICE);
    final PowerManager.WakeLock wakeLock = pm.newWakeLock(PowerManager.PARTIAL_WAKE_LOCK, ""Scanner:OCR"");
    wakeLock.setReferenceCounted(false);
    wakeLock.acquire(5 * 60 * 1000L);

    executor.execute(new Runnable() {
        @Override
        public void run() {
            try {
                ocrEngine.process(imageFile);
                callback.onScanFinished();
            } finally {
                if (wakeLock.isHeld()) {
                    wakeLock.release();
                }
            }
        }
    });
}";"public void scanDocument(final Context context, final File imageFile) {
    PowerManager pm = (PowerManager) context.getSystemService(Context.POWER_SERVICE);
    WakeLock wakeLock = pm.newWakeLock(PowerManager.PARTIAL_WAKE_LOCK, ""Scanner:OCR"");
    wakeLock.setReferenceCounted(false);
    wakeLock.acquire(5 * 60 * 1000L);

    executor.execute(new Runnable() {
        @Override
        public void run() {
            try {
                ocrEngine.process(imageFile);
                callback.onScanFinished();
            } finally {
                if (wakeLock.isHeld()) {
                    wakeLock.release();
                }
            }
        }
    });
}";"public void scanDocument(final Context context, final File imageFile) {
    PowerManager pm = (PowerManager) context.getSystemService(Context.POWER_SERVICE);
    final WakeLock wakeLock = pm.newWakeLock(PowerManager.PARTIAL_WAKE_LOCK, ""Scanner:OCR"");
    wakeLock.setReferenceCounted(false);
    wakeLock.acquire(5 * 60 * 1000L);

    executor.execute(new Runnable() {
        @Override
        public void run() {
            try {
                ocrEngine.process(imageFile);
                callback.onScanFinished();
            } finally {
                if (wakeLock.isHeld()) {
                    wakeLock.release();
                }
            }
        }
    });
}";0;0;0
Case_170_K-9 Mail_SINTETICO_3_BUG;App de Fitness;android.os.PowerManager.WakeLock;"public void startWorkoutSession(final Context context, final WorkoutPlan plan) {
    PowerManager pm = (PowerManager) context.getSystemService(Context.POWER_SERVICE);
    WakeLock wakeLock = pm.newWakeLock(PowerManager.PARTIAL_WAKE_LOCK, ""Fitness:WorkoutSession"");
    wakeLock.setReferenceCounted(false);
    wakeLock.acquire();

    timer.start(plan.getDurationMillis(), new TimerCallback() {
        @Override
        public void onTick(long remaining) {
            workoutListener.onProgress(remaining);
        }

        @Override
        public void onFinish() {
            workoutListener.onWorkoutCompleted();
        }
    });
}";1;"public void startWorkoutSession(final Context context, final WorkoutPlan plan) {
    PowerManager pm = (PowerManager) context.getSystemService(Context.POWER_SERVICE);
    final PowerManager.WakeLock wakeLock = pm.newWakeLock(PowerManager.PARTIAL_WAKE_LOCK, ""Fitness:WorkoutSession"");
    wakeLock.setReferenceCounted(false);
    wakeLock.acquire();

    try {
        timer.start(plan.getDurationMillis(), new TimerCallback() {
            @Override
            public void onTick(long remaining) {
                workoutListener.onProgress(remaining);
            }

            @Override
            public void onFinish() {
                try {
                    workoutListener.onWorkoutCompleted();
                } finally {
                    if (wakeLock.isHeld()) {
                        wakeLock.release();
                    }
                }
            }
        });
    } catch (RuntimeException e) {
        if (wakeLock.isHeld()) {
            wakeLock.release();
        }
        throw e;
    }
}";"public void startWorkoutSession(final Context context, final WorkoutPlan plan) {
    PowerManager pm = (PowerManager) context.getSystemService(Context.POWER_SERVICE);
    WakeLock wakeLock = pm.newWakeLock(PowerManager.PARTIAL_WAKE_LOCK, ""Fitness:WorkoutSession"");
    wakeLock.setReferenceCounted(false);
    wakeLock.acquire();

    timer.start(plan.getDurationMillis(), new TimerCallback() {
        @Override
        public void onTick(long remaining) {
            workoutListener.onProgress(remaining);
        }

        @Override
        public void onFinish() {
            workoutListener.onWorkoutCompleted();
            if (wakeLock.isHeld()) {
                wakeLock.release();
            }
        }
    });
}";"public void startWorkoutSession(final Context context, final WorkoutPlan plan) {
    PowerManager pm = (PowerManager) context.getSystemService(Context.POWER_SERVICE);
    final WakeLock wakeLock = pm.newWakeLock(PowerManager.PARTIAL_WAKE_LOCK, ""Fitness:WorkoutSession"");
    wakeLock.setReferenceCounted(false);
    wakeLock.acquire();

    timer.start(plan.getDurationMillis(), new TimerCallback() {
        @Override
        public void onTick(long remaining) {
            workoutListener.onProgress(remaining);
        }

        @Override
        public void onFinish() {
            try {
                workoutListener.onWorkoutCompleted();
            } finally {
                if (wakeLock.isHeld()) {
                    wakeLock.release();
                }
            }
        }
    });
}";0;0;0
Case_170_K-9 Mail_SINTETICO_4_BUG;App de Navegação GPS;android.os.PowerManager.WakeLock;"public void beginTurnByTurnNavigation(final Context context, final Route route) {
    PowerManager pm = (PowerManager) context.getSystemService(Context.POWER_SERVICE);
    WakeLock wakeLock = pm.newWakeLock(PowerManager.PARTIAL_WAKE_LOCK, ""Navigator:RouteTracking"");
    wakeLock.setReferenceCounted(false);
    wakeLock.acquire(20 * 60 * 1000L);

    locationManager.requestLocationUpdates(route.getProvider(), 1000L, 5f, locationListener);
    routeUpdater.start(route, new Runnable() {
        @Override
        public void run() {
            ui.showNavigationRunning();
        }
    });
}";1;"public void beginTurnByTurnNavigation(final Context context, final Route route) {
    PowerManager pm = (PowerManager) context.getSystemService(Context.POWER_SERVICE);
    WakeLock wakeLock = null;
    try {
        wakeLock = pm.newWakeLock(PowerManager.PARTIAL_WAKE_LOCK, ""Navigator:RouteTracking"");
        wakeLock.setReferenceCounted(false);
        wakeLock.acquire(20 * 60 * 1000L);

        locationManager.requestLocationUpdates(route.getProvider(), 1000L, 5f, locationListener);
        routeUpdater.start(route, new Runnable() {
            @Override
            public void run() {
                ui.showNavigationRunning();
            }
        });
    } catch (RuntimeException e) {
        if (wakeLock != null && wakeLock.isHeld()) {
            wakeLock.release();
        }
        throw e;
    }
}";"public void beginTurnByTurnNavigation(final Context context, final Route route) {
    PowerManager pm = (PowerManager) context.getSystemService(Context.POWER_SERVICE);
    WakeLock wakeLock = pm.newWakeLock(PowerManager.PARTIAL_WAKE_LOCK, ""Navigator:RouteTracking"");
    wakeLock.setReferenceCounted(false);
    wakeLock.acquire(20 * 60 * 1000L);

    try {
        locationManager.requestLocationUpdates(route.getProvider(), 1000L, 5f, locationListener);
        routeUpdater.start(route, new Runnable() {
            @Override
            public void run() {
                ui.showNavigationRunning();
            }
        });
    } catch (Exception e) {
        if (wakeLock.isHeld()) {
            wakeLock.release();
        }
        throw e;
    }

    this.wakeLock = wakeLock;
}";"public void beginTurnByTurnNavigation(final Context context, final Route route) {
    PowerManager pm = (PowerManager) context.getSystemService(Context.POWER_SERVICE);
    WakeLock wakeLock = pm.newWakeLock(PowerManager.PARTIAL_WAKE_LOCK, ""Navigator:RouteTracking"");
    wakeLock.setReferenceCounted(false);
    wakeLock.acquire(20 * 60 * 1000L);

    try {
        locationManager.requestLocationUpdates(route.getProvider(), 1000L, 5f, locationListener);
        routeUpdater.start(route, new Runnable() {
            @Override
            public void run() {
                ui.showNavigationRunning();
            }
        });
    } finally {
        if (wakeLock.isHeld()) {
            wakeLock.release();
        }
    }
}";0;0;0
Case_170_K-9 Mail_SINTETICO_5_BUG;App de Backup na Nuvem;android.os.PowerManager.WakeLock;"public void uploadBackup(final Context context, final File backupFile) {
    PowerManager pm = (PowerManager) context.getSystemService(Context.POWER_SERVICE);
    WakeLock wakeLock = pm.newWakeLock(PowerManager.PARTIAL_WAKE_LOCK, ""Backup:Upload"");
    wakeLock.setReferenceCounted(false);
    wakeLock.acquire(15 * 60 * 1000L);

    cloudClient.upload(backupFile, new UploadCallback() {
        @Override
        public void onSuccess() {
            analytics.trackEvent(""backup_uploaded"");
        }

        @Override
        public void onError(Exception e) {
            logger.e(""Upload failed"", e);
        }
    });
}";1;"public void uploadBackup(final Context context, final File backupFile) {
    PowerManager pm = (PowerManager) context.getSystemService(Context.POWER_SERVICE);
    final WakeLock wakeLock = pm.newWakeLock(PowerManager.PARTIAL_WAKE_LOCK, ""Backup:Upload"");
    wakeLock.setReferenceCounted(false);
    wakeLock.acquire(15 * 60 * 1000L);

    try {
        cloudClient.upload(backupFile, new UploadCallback() {
            @Override
            public void onSuccess() {
                try {
                    analytics.trackEvent(""backup_uploaded"");
                } finally {
                    if (wakeLock.isHeld()) {
                        wakeLock.release();
                    }
                }
            }

            @Override
            public void onError(Exception e) {
                try {
                    logger.e(""Upload failed"", e);
                } finally {
                    if (wakeLock.isHeld()) {
                        wakeLock.release();
                    }
                }
            }
        });
    } catch (Exception e) {
        if (wakeLock.isHeld()) {
            wakeLock.release();
        }
        throw e;
    }
}";"public void uploadBackup(final Context context, final File backupFile) {
    PowerManager pm = (PowerManager) context.getSystemService(Context.POWER_SERVICE);
    WakeLock wakeLock = pm.newWakeLock(PowerManager.PARTIAL_WAKE_LOCK, ""Backup:Upload"");
    wakeLock.setReferenceCounted(false);
    wakeLock.acquire(15 * 60 * 1000L);

    cloudClient.upload(backupFile, new UploadCallback() {
        @Override
        public void onSuccess() {
            try {
                analytics.trackEvent(""backup_uploaded"");
            } finally {
                if (wakeLock.isHeld()) {
                    wakeLock.release();
                }
            }
        }

        @Override
        public void onError(Exception e) {
            try {
                logger.e(""Upload failed"", e);
            } finally {
                if (wakeLock.isHeld()) {
                    wakeLock.release();
                }
            }
        }
    });
}";"public void uploadBackup(final Context context, final File backupFile) {
    PowerManager pm = (PowerManager) context.getSystemService(Context.POWER_SERVICE);
    final WakeLock wakeLock = pm.newWakeLock(PowerManager.PARTIAL_WAKE_LOCK, ""Backup:Upload"");
    wakeLock.setReferenceCounted(false);
    wakeLock.acquire(15 * 60 * 1000L);

    cloudClient.upload(backupFile, new UploadCallback() {
        @Override
        public void onSuccess() {
            try {
                analytics.trackEvent(""backup_uploaded"");
            } finally {
                if (wakeLock.isHeld()) {
                    wakeLock.release();
                }
            }
        }

        @Override
        public void onError(Exception e) {
            try {
                logger.e(""Upload failed"", e);
            } finally {
                if (wakeLock.isHeld()) {
                    wakeLock.release();
                }
            }
        }
    });
}";0;0;0
Case_170_K-9 Mail_SINTETICO_6_BUG;App de Streaming de Vídeo;android.os.PowerManager.WakeLock;"public void bufferAndPlay(final Context context, final String videoId) {
    PowerManager pm = (PowerManager) context.getSystemService(Context.POWER_SERVICE);
    WakeLock wakeLock = pm.newWakeLock(PowerManager.PARTIAL_WAKE_LOCK, ""VideoPlayer:Buffer"");
    wakeLock.setReferenceCounted(false);
    wakeLock.acquire(30 * 60 * 1000L);

    networkFetcher.fetch(videoId, new FetchCallback() {
        @Override
        public void onResponse(VideoStream stream) {
            player.setStream(stream);
            player.play();
        }
    });
}";1;"public void bufferAndPlay(final Context context, final String videoId) {
    PowerManager pm = (PowerManager) context.getSystemService(Context.POWER_SERVICE);
    final PowerManager.WakeLock wakeLock = pm.newWakeLock(PowerManager.PARTIAL_WAKE_LOCK, ""VideoPlayer:Buffer"");
    wakeLock.setReferenceCounted(false);
    wakeLock.acquire(30 * 60 * 1000L);

    try {
        networkFetcher.fetch(videoId, new FetchCallback() {
            @Override
            public void onResponse(VideoStream stream) {
                try {
                    player.setStream(stream);
                    player.play();
                } finally {
                    if (wakeLock.isHeld()) {
                        wakeLock.release();
                    }
                }
            }

            @Override
            public void onError(Exception e) {
                if (wakeLock.isHeld()) {
                    wakeLock.release();
                }
            }
        });
    } catch (RuntimeException e) {
        if (wakeLock.isHeld()) {
            wakeLock.release();
        }
        throw e;
    }
}";"public void bufferAndPlay(final Context context, final String videoId) {
    PowerManager pm = (PowerManager) context.getSystemService(Context.POWER_SERVICE);
    WakeLock wakeLock = pm.newWakeLock(PowerManager.PARTIAL_WAKE_LOCK, ""VideoPlayer:Buffer"");
    wakeLock.setReferenceCounted(false);
    wakeLock.acquire(30 * 60 * 1000L);

    networkFetcher.fetch(videoId, new FetchCallback() {
        @Override
        public void onResponse(VideoStream stream) {
            try {
                player.setStream(stream);
                player.play();
            } finally {
                if (wakeLock.isHeld()) {
                    wakeLock.release();
                }
            }
        }

        @Override
        public void onError(Exception e) {
            if (wakeLock.isHeld()) {
                wakeLock.release();
            }
        }
    });
}";"public void bufferAndPlay(final Context context, final String videoId) {
    PowerManager pm = (PowerManager) context.getSystemService(Context.POWER_SERVICE);
    final WakeLock wakeLock = pm.newWakeLock(PowerManager.PARTIAL_WAKE_LOCK, ""VideoPlayer:Buffer"");
    wakeLock.setReferenceCounted(false);
    wakeLock.acquire(30 * 60 * 1000L);

    networkFetcher.fetch(videoId, new FetchCallback() {
        @Override
        public void onResponse(VideoStream stream) {
            try {
                player.setStream(stream);
                player.play();
            } finally {
                if (wakeLock.isHeld()) {
                    wakeLock.release();
                }
            }
        }
    });
}";0;0;0
Case_170_K-9 Mail_SINTETICO_7_BUG;App de Leitura Offline;android.os.PowerManager.WakeLock;"public void syncLibrary(final Context context, final List<Book> books) {
    PowerManager pm = (PowerManager) context.getSystemService(Context.POWER_SERVICE);
    WakeLock wakeLock = pm.newWakeLock(PowerManager.PARTIAL_WAKE_LOCK, ""Reader:LibrarySync"");
    wakeLock.setReferenceCounted(false);
    wakeLock.acquire();

    syncService.sync(books, new Runnable() {
        @Override
        public void run() {
            libraryView.refresh();
        }
    });
}";1;"public void syncLibrary(final Context context, final List<Book> books) {
    PowerManager pm = (PowerManager) context.getSystemService(Context.POWER_SERVICE);
    final PowerManager.WakeLock wakeLock = pm.newWakeLock(PowerManager.PARTIAL_WAKE_LOCK, ""Reader:LibrarySync"");
    wakeLock.setReferenceCounted(false);
    wakeLock.acquire();

    try {
        syncService.sync(books, new Runnable() {
            @Override
            public void run() {
                try {
                    libraryView.refresh();
                } finally {
                    if (wakeLock.isHeld()) {
                        wakeLock.release();
                    }
                }
            }
        });
    } catch (RuntimeException e) {
        if (wakeLock.isHeld()) {
            wakeLock.release();
        }
        throw e;
    }
}";"public void syncLibrary(final Context context, final List<Book> books) {
    PowerManager pm = (PowerManager) context.getSystemService(Context.POWER_SERVICE);
    WakeLock wakeLock = pm.newWakeLock(PowerManager.PARTIAL_WAKE_LOCK, ""Reader:LibrarySync"");
    wakeLock.setReferenceCounted(false);
    wakeLock.acquire();

    syncService.sync(books, new Runnable() {
        @Override
        public void run() {
            try {
                libraryView.refresh();
            } finally {
                if (wakeLock.isHeld()) {
                    wakeLock.release();
                }
            }
        }
    });
}";"public void syncLibrary(final Context context, final List<Book> books) {
    PowerManager pm = (PowerManager) context.getSystemService(Context.POWER_SERVICE);
    final WakeLock wakeLock = pm.newWakeLock(PowerManager.PARTIAL_WAKE_LOCK, ""Reader:LibrarySync"");
    wakeLock.setReferenceCounted(false);
    wakeLock.acquire();

    try {
        syncService.sync(books, new Runnable() {
            @Override
            public void run() {
                try {
                    libraryView.refresh();
                } finally {
                    if (wakeLock.isHeld()) {
                        wakeLock.release();
                    }
                }
            }
        });
    } catch (Exception e) {
        if (wakeLock.isHeld()) {
            wakeLock.release();
        }
        throw e;
    }
}";0;0;0
Case_170_K-9 Mail_SINTETICO_8_BUG;App de Mensagens;android.os.PowerManager.WakeLock;"public void sendQueuedMessages(final Context context, final List<Message> queue) {
    PowerManager pm = (PowerManager) context.getSystemService(Context.POWER_SERVICE);
    WakeLock wakeLock = pm.newWakeLock(PowerManager.PARTIAL_WAKE_LOCK, ""Messenger:QueueSend"");
    wakeLock.setReferenceCounted(false);
    wakeLock.acquire(60 * 1000L);

    messageSender.send(queue, new SendCallback() {
        @Override
        public void onComplete() {
            ui.showToast(""Messages sent"");
        }
    });
}";1;"public void sendQueuedMessages(final Context context, final List<Message> queue) {
    PowerManager pm = (PowerManager) context.getSystemService(Context.POWER_SERVICE);
    final PowerManager.WakeLock wakeLock = pm.newWakeLock(PowerManager.PARTIAL_WAKE_LOCK, ""Messenger:QueueSend"");
    wakeLock.setReferenceCounted(false);
    wakeLock.acquire(60 * 1000L);

    try {
        messageSender.send(queue, new SendCallback() {
            @Override
            public void onComplete() {
                try {
                    ui.showToast(""Messages sent"");
                } finally {
                    if (wakeLock.isHeld()) {
                        wakeLock.release();
                    }
                }
            }
        });
    } catch (RuntimeException e) {
        if (wakeLock.isHeld()) {
            wakeLock.release();
        }
        throw e;
    }
}";"public void sendQueuedMessages(final Context context, final List<Message> queue) {
    PowerManager pm = (PowerManager) context.getSystemService(Context.POWER_SERVICE);
    WakeLock wakeLock = pm.newWakeLock(PowerManager.PARTIAL_WAKE_LOCK, ""Messenger:QueueSend"");
    wakeLock.setReferenceCounted(false);
    wakeLock.acquire(60 * 1000L);

    messageSender.send(queue, new SendCallback() {
        @Override
        public void onComplete() {
            try {
                ui.showToast(""Messages sent"");
            } finally {
                if (wakeLock.isHeld()) {
                    wakeLock.release();
                }
            }
        }
    });
}";"public void sendQueuedMessages(final Context context, final List<Message> queue) {
    PowerManager pm = (PowerManager) context.getSystemService(Context.POWER_SERVICE);
    final WakeLock wakeLock = pm.newWakeLock(PowerManager.PARTIAL_WAKE_LOCK, ""Messenger:QueueSend"");
    wakeLock.setReferenceCounted(false);
    wakeLock.acquire(60 * 1000L);

    messageSender.send(queue, new SendCallback() {
        @Override
        public void onComplete() {
            try {
                ui.showToast(""Messages sent"");
            } finally {
                if (wakeLock.isHeld()) {
                    wakeLock.release();
                }
            }
        }
    });
}";0;0;0
Case_170_K-9 Mail_SINTETICO_9_BUG;App de Edição de Fotos;android.os.PowerManager.WakeLock;"public void exportEditedPhoto(final Context context, final Bitmap bitmap) {
    PowerManager pm = (PowerManager) context.getSystemService(Context.POWER_SERVICE);
    WakeLock wakeLock = pm.newWakeLock(PowerManager.PARTIAL_WAKE_LOCK, ""PhotoEditor:Export"");
    wakeLock.setReferenceCounted(false);
    wakeLock.acquire(3 * 60 * 1000L);

    imageExporter.export(bitmap, outputFile, new ExportListener() {
        @Override
        public void onExported(File file) {
            galleryIndexer.index(file);
        }
    });
}";1;"public void exportEditedPhoto(final Context context, final Bitmap bitmap) {
    PowerManager pm = (PowerManager) context.getSystemService(Context.POWER_SERVICE);
    final PowerManager.WakeLock wakeLock = pm.newWakeLock(PowerManager.PARTIAL_WAKE_LOCK, ""PhotoEditor:Export"");
    wakeLock.setReferenceCounted(false);
    wakeLock.acquire(3 * 60 * 1000L);

    try {
        imageExporter.export(bitmap, outputFile, new ExportListener() {
            @Override
            public void onExported(File file) {
                try {
                    galleryIndexer.index(file);
                } finally {
                    if (wakeLock.isHeld()) {
                        wakeLock.release();
                    }
                }
            }
        });
    } catch (Throwable t) {
        if (wakeLock.isHeld()) {
            wakeLock.release();
        }
        throw t;
    }
}";"public void exportEditedPhoto(final Context context, final Bitmap bitmap) {
    PowerManager pm = (PowerManager) context.getSystemService(Context.POWER_SERVICE);
    WakeLock wakeLock = pm.newWakeLock(PowerManager.PARTIAL_WAKE_LOCK, ""PhotoEditor:Export"");
    wakeLock.setReferenceCounted(false);
    wakeLock.acquire(3 * 60 * 1000L);

    imageExporter.export(bitmap, outputFile, new ExportListener() {
        @Override
        public void onExported(File file) {
            try {
                galleryIndexer.index(file);
            } finally {
                if (wakeLock.isHeld()) {
                    wakeLock.release();
                }
            }
        }
    });
}";"public void exportEditedPhoto(final Context context, final Bitmap bitmap) {
    PowerManager pm = (PowerManager) context.getSystemService(Context.POWER_SERVICE);
    final WakeLock wakeLock = pm.newWakeLock(PowerManager.PARTIAL_WAKE_LOCK, ""PhotoEditor:Export"");
    wakeLock.setReferenceCounted(false);
    wakeLock.acquire(3 * 60 * 1000L);

    imageExporter.export(bitmap, outputFile, new ExportListener() {
        @Override
        public void onExported(File file) {
            try {
                galleryIndexer.index(file);
            } finally {
                if (wakeLock.isHeld()) {
                    wakeLock.release();
                }
            }
        }
    });
}";0;0;0
Case_170_K-9 Mail_SINTETICO_10_BUG;App de Monitorização IoT;android.os.PowerManager.WakeLock;"public void collectSensorBatch(final Context context, final List<SensorReading> readings) {
    PowerManager pm = (PowerManager) context.getSystemService(Context.POWER_SERVICE);
    WakeLock wakeLock = pm.newWakeLock(PowerManager.PARTIAL_WAKE_LOCK, ""IoT:SensorBatch"");
    wakeLock.setReferenceCounted(false);
    wakeLock.acquire(2 * 60 * 1000L);

    deviceClient.sendBatch(readings, new Runnable() {
        @Override
        public void run() {
            logger.i(""Batch sent"");
        }
    });
}";1;"public void collectSensorBatch(final Context context, final List<SensorReading> readings) {
    PowerManager pm = (PowerManager) context.getSystemService(Context.POWER_SERVICE);
    final WakeLock wakeLock = pm.newWakeLock(PowerManager.PARTIAL_WAKE_LOCK, ""IoT:SensorBatch"");
    wakeLock.setReferenceCounted(false);
    wakeLock.acquire(2 * 60 * 1000L);

    try {
        deviceClient.sendBatch(readings, new Runnable() {
            @Override
            public void run() {
                try {
                    logger.i(""Batch sent"");
                } finally {
                    if (wakeLock.isHeld()) {
                        wakeLock.release();
                    }
                }
            }
        });
    } catch (RuntimeException e) {
        if (wakeLock.isHeld()) {
            wakeLock.release();
        }
        throw e;
    }
}";"public void collectSensorBatch(final Context context, final List<SensorReading> readings) {
    PowerManager pm = (PowerManager) context.getSystemService(Context.POWER_SERVICE);
    WakeLock wakeLock = pm.newWakeLock(PowerManager.PARTIAL_WAKE_LOCK, ""IoT:SensorBatch"");
    wakeLock.setReferenceCounted(false);
    wakeLock.acquire(2 * 60 * 1000L);

    try {
        deviceClient.sendBatch(readings, new Runnable() {
            @Override
            public void run() {
                logger.i(""Batch sent"");
                if (wakeLock.isHeld()) {
                    wakeLock.release();
                }
            }
        });
    } catch (Exception e) {
        if (wakeLock.isHeld()) {
            wakeLock.release();
        }
        throw e;
    }
}";"public void collectSensorBatch(final Context context, final List<SensorReading> readings) {
    PowerManager pm = (PowerManager) context.getSystemService(Context.POWER_SERVICE);
    final WakeLock wakeLock = pm.newWakeLock(PowerManager.PARTIAL_WAKE_LOCK, ""IoT:SensorBatch"");
    wakeLock.setReferenceCounted(false);
    wakeLock.acquire(2 * 60 * 1000L);

    deviceClient.sendBatch(readings, new Runnable() {
        @Override
        public void run() {
            try {
                logger.i(""Batch sent"");
            } finally {
                if (wakeLock.isHeld()) {
                    wakeLock.release();
                }
            }
        }
    });
}";0;0;0
Case_172_ConnectBot_SINTETICO_1_BUG;App de Musica;android.os.PowerManager.WakeLock;"import android.app.Activity;
import android.os.Bundle;
import android.os.PowerManager;

public class PlayerActivity extends Activity {
    private PowerManager.WakeLock wakeLock;

    @Override
    protected void onResume() {
        super.onResume();
        PowerManager pm = (PowerManager) getSystemService(POWER_SERVICE);
        wakeLock = pm.newWakeLock(PowerManager.PARTIAL_WAKE_LOCK, ""MusicApp:PlaybackLock"");
        if (wakeLock != null) {
            wakeLock.acquire();
        }
    }

    @Override
    protected void onPause() {
        super.onPause();
        // BUG: wakelock não é libertado aqui
    }
}
";1;"import android.app.Activity;
import android.os.Bundle;
import android.os.PowerManager;

public class PlayerActivity extends Activity {
    private PowerManager.WakeLock wakeLock;

    @Override
    protected void onResume() {
        super.onResume();
        PowerManager pm = (PowerManager) getSystemService(POWER_SERVICE);
        if (pm != null && wakeLock == null) {
            wakeLock = pm.newWakeLock(PowerManager.PARTIAL_WAKE_LOCK, ""MusicApp:PlaybackLock"");
            wakeLock.setReferenceCounted(false);
        }
        if (wakeLock != null && !wakeLock.isHeld()) {
            wakeLock.acquire();
        }
    }

    @Override
    protected void onPause() {
        if (wakeLock != null && wakeLock.isHeld()) {
            wakeLock.release();
        }
        super.onPause();
    }
}";"import android.app.Activity;
import android.os.Bundle;
import android.os.PowerManager;

public class PlayerActivity extends Activity {
    private PowerManager.WakeLock wakeLock;

    @Override
    protected void onResume() {
        super.onResume();
        PowerManager pm = (PowerManager) getSystemService(POWER_SERVICE);
        wakeLock = pm.newWakeLock(PowerManager.PARTIAL_WAKE_LOCK, ""MusicApp:PlaybackLock"");
        if (wakeLock != null) {
            wakeLock.acquire();
        }
    }

    @Override
    protected void onPause() {
        super.onPause();
        if (wakeLock != null && wakeLock.isHeld()) {
            wakeLock.release();
        }
    }
}";"import android.app.Activity;
import android.os.Bundle;
import android.os.PowerManager;

public class PlayerActivity extends Activity {
    private PowerManager.WakeLock wakeLock;

    @Override
    protected void onResume() {
        super.onResume();
        PowerManager pm = (PowerManager) getSystemService(POWER_SERVICE);
        wakeLock = pm.newWakeLock(PowerManager.PARTIAL_WAKE_LOCK, ""MusicApp:PlaybackLock"");
        if (wakeLock != null) {
            wakeLock.acquire();
        }
    }

    @Override
    protected void onPause() {
        super.onPause();
        if (wakeLock != null && wakeLock.isHeld()) {
            wakeLock.release();
        }
    }
}";0;0;0
Case_172_ConnectBot_SINTETICO_2_BUG;App de Scanner de Documentos;android.os.PowerManager.WakeLock;"import android.app.Activity;
import android.os.Bundle;
import android.os.PowerManager;

public class ScanActivity extends Activity {
    private PowerManager.WakeLock cameraWakeLock;

    @Override
    protected void onStart() {
        super.onStart();
        PowerManager pm = (PowerManager) getSystemService(POWER_SERVICE);
        cameraWakeLock = pm.newWakeLock(PowerManager.PARTIAL_WAKE_LOCK, ""ScannerApp:CameraLock"");
        cameraWakeLock.acquire();
    }

    @Override
    protected void onStop() {
        super.onStop();
        // BUG: lock mantido após fechar o ecrã de scan
    }
}
";1;"import android.app.Activity;
import android.os.Bundle;
import android.os.PowerManager;

public class ScanActivity extends Activity {
    private PowerManager.WakeLock cameraWakeLock;

    @Override
    protected void onStart() {
        super.onStart();
        PowerManager pm = (PowerManager) getSystemService(POWER_SERVICE);
        if (pm != null && cameraWakeLock == null) {
            cameraWakeLock = pm.newWakeLock(PowerManager.PARTIAL_WAKE_LOCK, ""ScannerApp:CameraLock"");
            cameraWakeLock.acquire();
        }
    }

    @Override
    protected void onStop() {
        if (cameraWakeLock != null && cameraWakeLock.isHeld()) {
            cameraWakeLock.release();
        }
        cameraWakeLock = null;
        super.onStop();
    }
}";"import android.app.Activity;
import android.os.Bundle;
import android.os.PowerManager;

public class ScanActivity extends Activity {
    private PowerManager.WakeLock cameraWakeLock;

    @Override
    protected void onStart() {
        super.onStart();
        PowerManager pm = (PowerManager) getSystemService(POWER_SERVICE);
        cameraWakeLock = pm.newWakeLock(PowerManager.PARTIAL_WAKE_LOCK, ""ScannerApp:CameraLock"");
        cameraWakeLock.acquire();
    }

    @Override
    protected void onStop() {
        if (cameraWakeLock != null && cameraWakeLock.isHeld()) {
            cameraWakeLock.release();
        }
        cameraWakeLock = null;
        super.onStop();
    }
}";"import android.app.Activity;
import android.os.Bundle;
import android.os.PowerManager;

public class ScanActivity extends Activity {
    private PowerManager.WakeLock cameraWakeLock;

    @Override
    protected void onStart() {
        super.onStart();
        PowerManager pm = (PowerManager) getSystemService(POWER_SERVICE);
        cameraWakeLock = pm.newWakeLock(PowerManager.PARTIAL_WAKE_LOCK, ""ScannerApp:CameraLock"");
        cameraWakeLock.acquire();
    }

    @Override
    protected void onStop() {
        super.onStop();
        if (cameraWakeLock != null && cameraWakeLock.isHeld()) {
            cameraWakeLock.release();
        }
    }
}";0;0;0
Case_172_ConnectBot_SINTETICO_3_BUG;App de Fitness;android.os.PowerManager.WakeLock;"import android.app.Service;
import android.content.Intent;
import android.os.IBinder;
import android.os.PowerManager;

public class WorkoutTrackingService extends Service {
    private PowerManager.WakeLock wakeLock;

    @Override
    public int onStartCommand(Intent intent, int flags, int startId) {
        PowerManager pm = (PowerManager) getSystemService(POWER_SERVICE);
        wakeLock = pm.newWakeLock(PowerManager.PARTIAL_WAKE_LOCK, ""FitnessApp:WorkoutLock"");
        wakeLock.acquire();
        return START_STICKY;
    }

    @Override
    public void onDestroy() {
        super.onDestroy();
        // BUG: wakeLock nunca é libertado
    }

    @Override
    public IBinder onBind(Intent intent) {
        return null;
    }
}
";1;"import android.app.Service;
import android.content.Intent;
import android.os.IBinder;
import android.os.PowerManager;

public class WorkoutTrackingService extends Service {
    private PowerManager.WakeLock wakeLock;

    @Override
    public int onStartCommand(Intent intent, int flags, int startId) {
        if (wakeLock == null || !wakeLock.isHeld()) {
            PowerManager pm = (PowerManager) getSystemService(POWER_SERVICE);
            if (pm != null) {
                wakeLock = pm.newWakeLock(PowerManager.PARTIAL_WAKE_LOCK, ""FitnessApp:WorkoutLock"");
                wakeLock.acquire();
            }
        }
        return START_STICKY;
    }

    @Override
    public void onDestroy() {
        if (wakeLock != null && wakeLock.isHeld()) {
            wakeLock.release();
        }
        wakeLock = null;
        super.onDestroy();
    }

    @Override
    public IBinder onBind(Intent intent) {
        return null;
    }
}";"import android.app.Service;
import android.content.Intent;
import android.os.IBinder;
import android.os.PowerManager;

public class WorkoutTrackingService extends Service {
    private PowerManager.WakeLock wakeLock;

    @Override
    public int onStartCommand(Intent intent, int flags, int startId) {
        PowerManager pm = (PowerManager) getSystemService(POWER_SERVICE);
        wakeLock = pm.newWakeLock(PowerManager.PARTIAL_WAKE_LOCK, ""FitnessApp:WorkoutLock"");
        wakeLock.acquire();
        return START_STICKY;
    }

    @Override
    public void onDestroy() {
        if (wakeLock != null && wakeLock.isHeld()) {
            wakeLock.release();
        }
        super.onDestroy();
    }

    @Override
    public IBinder onBind(Intent intent) {
        return null;
    }
}";"import android.app.Service;
import android.content.Intent;
import android.os.IBinder;
import android.os.PowerManager;

public class WorkoutTrackingService extends Service {
    private PowerManager.WakeLock wakeLock;

    @Override
    public int onStartCommand(Intent intent, int flags, int startId) {
        PowerManager pm = (PowerManager) getSystemService(POWER_SERVICE);
        wakeLock = pm.newWakeLock(PowerManager.PARTIAL_WAKE_LOCK, ""FitnessApp:WorkoutLock"");
        wakeLock.acquire();
        return START_STICKY;
    }

    @Override
    public void onDestroy() {
        if (wakeLock != null && wakeLock.isHeld()) {
            wakeLock.release();
        }
        super.onDestroy();
    }

    @Override
    public IBinder onBind(Intent intent) {
        return null;
    }
}";0;0;0
Case_172_ConnectBot_SINTETICO_4_BUG;App de Navegação GPS;android.os.PowerManager.WakeLock;"import android.app.Activity;
import android.os.Bundle;
import android.os.PowerManager;

public class NavigationActivity extends Activity {
    private PowerManager.WakeLock navigationLock;

    @Override
    protected void onCreate(Bundle savedInstanceState) {
        super.onCreate(savedInstanceState);
        PowerManager pm = (PowerManager) getSystemService(POWER_SERVICE);
        navigationLock = pm.newWakeLock(PowerManager.SCREEN_DIM_WAKE_LOCK, ""NavApp:NavigationLock"");
    }

    @Override
    protected void onResume() {
        super.onResume();
        navigationLock.acquire();
    }

    @Override
    protected void onDestroy() {
        super.onDestroy();
        // BUG: não liberta o wakelock
    }
}
";1;"import android.app.Activity;
import android.os.Bundle;
import android.os.PowerManager;

public class NavigationActivity extends Activity {
    private PowerManager.WakeLock navigationLock;

    @Override
    protected void onCreate(Bundle savedInstanceState) {
        super.onCreate(savedInstanceState);
        PowerManager pm = (PowerManager) getSystemService(POWER_SERVICE);
        if (pm != null) {
            navigationLock = pm.newWakeLock(PowerManager.SCREEN_DIM_WAKE_LOCK, ""NavApp:NavigationLock"");
            navigationLock.setReferenceCounted(false);
        }
    }

    @Override
    protected void onResume() {
        super.onResume();
        if (navigationLock != null && !navigationLock.isHeld()) {
            navigationLock.acquire();
        }
    }

    @Override
    protected void onPause() {
        if (navigationLock != null && navigationLock.isHeld()) {
            navigationLock.release();
        }
        super.onPause();
    }

    @Override
    protected void onDestroy() {
        if (navigationLock != null && navigationLock.isHeld()) {
            navigationLock.release();
        }
        super.onDestroy();
    }
}";"import android.app.Activity;
import android.os.Bundle;
import android.os.PowerManager;

public class NavigationActivity extends Activity {
    private PowerManager.WakeLock navigationLock;

    @Override
    protected void onCreate(Bundle savedInstanceState) {
        super.onCreate(savedInstanceState);
        PowerManager pm = (PowerManager) getSystemService(POWER_SERVICE);
        navigationLock = pm.newWakeLock(PowerManager.SCREEN_DIM_WAKE_LOCK, ""NavApp:NavigationLock"");
    }

    @Override
    protected void onResume() {
        super.onResume();
        navigationLock.acquire();
    }

    @Override
    protected void onPause() {
        super.onPause();
        if (navigationLock != null && navigationLock.isHeld()) {
            navigationLock.release();
        }
    }

    @Override
    protected void onDestroy() {
        if (navigationLock != null && navigationLock.isHeld()) {
            navigationLock.release();
        }
        super.onDestroy();
    }
}";"import android.app.Activity;
import android.os.Bundle;
import android.os.PowerManager;

public class NavigationActivity extends Activity {
    private PowerManager.WakeLock navigationLock;

    @Override
    protected void onCreate(Bundle savedInstanceState) {
        super.onCreate(savedInstanceState);
        PowerManager pm = (PowerManager) getSystemService(POWER_SERVICE);
        navigationLock = pm.newWakeLock(PowerManager.SCREEN_DIM_WAKE_LOCK, ""NavApp:NavigationLock"");
    }

    @Override
    protected void onResume() {
        super.onResume();
        if (navigationLock != null && !navigationLock.isHeld()) {
            navigationLock.acquire();
        }
    }

    @Override
    protected void onPause() {
        super.onPause();
        if (navigationLock != null && navigationLock.isHeld()) {
            navigationLock.release();
        }
    }

    @Override
    protected void onDestroy() {
        super.onDestroy();
        if (navigationLock != null && navigationLock.isHeld()) {
            navigationLock.release();
        }
    }
}";0;0;0
Case_172_ConnectBot_SINTETICO_5_BUG;App de Streaming de Vídeo;android.os.PowerManager.WakeLock;"import android.app.Fragment;
import android.os.Bundle;
import android.os.PowerManager;

public class VideoPlayerFragment extends Fragment {
    private PowerManager.WakeLock wakeLock;

    @Override
    public void onActivityCreated(Bundle savedInstanceState) {
        super.onActivityCreated(savedInstanceState);
        PowerManager pm = (PowerManager) getActivity().getSystemService(getActivity().POWER_SERVICE);
        wakeLock = pm.newWakeLock(PowerManager.PARTIAL_WAKE_LOCK, ""VideoApp:StreamLock"");
        wakeLock.acquire();
    }

    @Override
    public void onDestroyView() {
        super.onDestroyView();
        // BUG: wakeLock permanece ativo depois da view ser destruída
    }
}
";1;"import android.app.Fragment;
import android.os.Bundle;
import android.os.PowerManager;

public class VideoPlayerFragment extends Fragment {
    private PowerManager.WakeLock wakeLock;

    @Override
    public void onActivityCreated(Bundle savedInstanceState) {
        super.onActivityCreated(savedInstanceState);
        PowerManager pm = (PowerManager) getActivity().getSystemService(android.content.Context.POWER_SERVICE);
        wakeLock = pm.newWakeLock(PowerManager.PARTIAL_WAKE_LOCK, ""VideoApp:StreamLock"");
        wakeLock.acquire();
    }

    @Override
    public void onDestroyView() {
        if (wakeLock != null && wakeLock.isHeld()) {
            wakeLock.release();
        }
        wakeLock = null;
        super.onDestroyView();
    }
}";"import android.app.Fragment;
import android.os.Bundle;
import android.os.PowerManager;

public class VideoPlayerFragment extends Fragment {
    private PowerManager.WakeLock wakeLock;

    @Override
    public void onActivityCreated(Bundle savedInstanceState) {
        super.onActivityCreated(savedInstanceState);
        PowerManager pm = (PowerManager) getActivity().getSystemService(getActivity().POWER_SERVICE);
        wakeLock = pm.newWakeLock(PowerManager.PARTIAL_WAKE_LOCK, ""VideoApp:StreamLock"");
        wakeLock.acquire();
    }

    @Override
    public void onDestroyView() {
        if (wakeLock != null && wakeLock.isHeld()) {
            wakeLock.release();
        }
        super.onDestroyView();
    }
}";"import android.app.Fragment;
import android.os.Bundle;
import android.os.PowerManager;

public class VideoPlayerFragment extends Fragment {
    private PowerManager.WakeLock wakeLock;

    @Override
    public void onActivityCreated(Bundle savedInstanceState) {
        super.onActivityCreated(savedInstanceState);
        PowerManager pm = (PowerManager) getActivity().getSystemService(getActivity().POWER_SERVICE);
        wakeLock = pm.newWakeLock(PowerManager.PARTIAL_WAKE_LOCK, ""VideoApp:StreamLock"");
        wakeLock.acquire();
    }

    @Override
    public void onDestroyView() {
        super.onDestroyView();
        if (wakeLock != null && wakeLock.isHeld()) {
            wakeLock.release();
        }
    }
}";0;0;0
Case_172_ConnectBot_SINTETICO_6_BUG;App de Podcast;android.os.PowerManager.WakeLock;"import android.app.Service;
import android.content.Intent;
import android.os.IBinder;
import android.os.PowerManager;

public class DownloadService extends Service {
    private PowerManager.WakeLock downloadLock;

    @Override
    public int onStartCommand(Intent intent, int flags, int startId) {
        PowerManager pm = (PowerManager) getSystemService(POWER_SERVICE);
        downloadLock = pm.newWakeLock(PowerManager.PARTIAL_WAKE_LOCK, ""PodcastApp:DownloadLock"");
        downloadLock.acquire();
        return START_REDELIVER_INTENT;
    }

    @Override
    public void onTaskRemoved(Intent rootIntent) {
        super.onTaskRemoved(rootIntent);
        // BUG: lock não é libertado quando a tarefa é removida
    }

    @Override
    public IBinder onBind(Intent intent) {
        return null;
    }
}
";1;"import android.app.Service;
import android.content.Intent;
import android.os.IBinder;
import android.os.PowerManager;

public class DownloadService extends Service {
    private PowerManager.WakeLock downloadLock;

    @Override
    public int onStartCommand(Intent intent, int flags, int startId) {
        PowerManager pm = (PowerManager) getSystemService(POWER_SERVICE);
        if (downloadLock == null) {
            downloadLock = pm.newWakeLock(PowerManager.PARTIAL_WAKE_LOCK, ""PodcastApp:DownloadLock"");
            downloadLock.setReferenceCounted(false);
        }
        if (!downloadLock.isHeld()) {
            downloadLock.acquire();
        }
        return START_REDELIVER_INTENT;
    }

    @Override
    public void onTaskRemoved(Intent rootIntent) {
        releaseWakeLock();
        super.onTaskRemoved(rootIntent);
    }

    @Override
    public void onDestroy() {
        releaseWakeLock();
        super.onDestroy();
    }

    private void releaseWakeLock() {
        if (downloadLock != null && downloadLock.isHeld()) {
            downloadLock.release();
        }
    }

    @Override
    public IBinder onBind(Intent intent) {
        return null;
    }
}";"import android.app.Service;
import android.content.Intent;
import android.os.IBinder;
import android.os.PowerManager;

public class DownloadService extends Service {
    private PowerManager.WakeLock downloadLock;

    @Override
    public int onStartCommand(Intent intent, int flags, int startId) {
        PowerManager pm = (PowerManager) getSystemService(POWER_SERVICE);
        downloadLock = pm.newWakeLock(PowerManager.PARTIAL_WAKE_LOCK, ""PodcastApp:DownloadLock"");
        downloadLock.acquire();
        return START_REDELIVER_INTENT;
    }

    @Override
    public void onTaskRemoved(Intent rootIntent) {
        super.onTaskRemoved(rootIntent);
        releaseWakeLock();
    }

    @Override
    public void onDestroy() {
        super.onDestroy();
        releaseWakeLock();
    }

    private void releaseWakeLock() {
        if (downloadLock != null && downloadLock.isHeld()) {
            downloadLock.release();
        }
    }

    @Override
    public IBinder onBind(Intent intent) {
        return null;
    }
}";"import android.app.Service;
import android.content.Intent;
import android.os.IBinder;
import android.os.PowerManager;

public class DownloadService extends Service {
    private PowerManager.WakeLock downloadLock;

    @Override
    public int onStartCommand(Intent intent, int flags, int startId) {
        PowerManager pm = (PowerManager) getSystemService(POWER_SERVICE);
        downloadLock = pm.newWakeLock(PowerManager.PARTIAL_WAKE_LOCK, ""PodcastApp:DownloadLock"");
        downloadLock.acquire();
        return START_REDELIVER_INTENT;
    }

    @Override
    public void onTaskRemoved(Intent rootIntent) {
        super.onTaskRemoved(rootIntent);
        if (downloadLock != null && downloadLock.isHeld()) {
            downloadLock.release();
        }
    }

    @Override
    public void onDestroy() {
        super.onDestroy();
        if (downloadLock != null && downloadLock.isHeld()) {
            downloadLock.release();
        }
    }

    @Override
    public IBinder onBind(Intent intent) {
        return null;
    }
}";0;0;0
Case_172_ConnectBot_SINTETICO_7_BUG;App de Leitura de Livros;android.os.PowerManager.WakeLock;"import android.app.Activity;
import android.os.Bundle;
import android.os.PowerManager;

public class ReaderActivity extends Activity {
    private PowerManager.WakeLock screenLock;

    @Override
    protected void onStart() {
        super.onStart();
        PowerManager pm = (PowerManager) getSystemService(POWER_SERVICE);
        screenLock = pm.newWakeLock(PowerManager.FULL_WAKE_LOCK, ""ReaderApp:ScreenLock"");
        screenLock.acquire();
    }

    @Override
    protected void onStop() {
        super.onStop();
        // BUG: não liberta wakelock ao sair do leitor
    }
}
";1;"import android.app.Activity;
import android.os.Bundle;
import android.os.PowerManager;

public class ReaderActivity extends Activity {
    private PowerManager.WakeLock screenLock;

    @Override
    protected void onStart() {
        super.onStart();
        PowerManager pm = (PowerManager) getSystemService(POWER_SERVICE);
        if (pm != null && screenLock == null) {
            screenLock = pm.newWakeLock(PowerManager.FULL_WAKE_LOCK, ""ReaderApp:ScreenLock"");
            screenLock.acquire();
        }
    }

    @Override
    protected void onStop() {
        if (screenLock != null && screenLock.isHeld()) {
            screenLock.release();
        }
        screenLock = null;
        super.onStop();
    }
}";"import android.app.Activity;
import android.os.Bundle;
import android.os.PowerManager;

public class ReaderActivity extends Activity {
    private PowerManager.WakeLock screenLock;

    @Override
    protected void onStart() {
        super.onStart();
        PowerManager pm = (PowerManager) getSystemService(POWER_SERVICE);
        screenLock = pm.newWakeLock(PowerManager.FULL_WAKE_LOCK, ""ReaderApp:ScreenLock"");
        screenLock.acquire();
    }

    @Override
    protected void onStop() {
        super.onStop();
        if (screenLock != null && screenLock.isHeld()) {
            screenLock.release();
        }
    }
}";"import android.app.Activity;
import android.os.Bundle;
import android.os.PowerManager;

public class ReaderActivity extends Activity {
    private PowerManager.WakeLock screenLock;

    @Override
    protected void onStart() {
        super.onStart();
        PowerManager pm = (PowerManager) getSystemService(POWER_SERVICE);
        screenLock = pm.newWakeLock(PowerManager.FULL_WAKE_LOCK, ""ReaderApp:ScreenLock"");
        screenLock.acquire();
    }

    @Override
    protected void onStop() {
        super.onStop();
        if (screenLock != null && screenLock.isHeld()) {
            screenLock.release();
        }
    }
}";0;1;1
Case_172_ConnectBot_SINTETICO_8_BUG;App de Chat;android.os.PowerManager.WakeLock;"import android.app.Service;
import android.content.Intent;
import android.os.IBinder;
import android.os.PowerManager;

public class MessageSyncService extends Service {
    private PowerManager.WakeLock syncLock;

    @Override
    public int onStartCommand(Intent intent, int flags, int startId) {
        PowerManager pm = (PowerManager) getSystemService(POWER_SERVICE);
        syncLock = pm.newWakeLock(PowerManager.PARTIAL_WAKE_LOCK, ""ChatApp:SyncLock"");
        syncLock.acquire();
        return START_NOT_STICKY;
    }

    @Override
    public void onTrimMemory(int level) {
        super.onTrimMemory(level);
        // BUG: wakelock continua mesmo quando o sistema pede alívio de memória
    }

    @Override
    public IBinder onBind(Intent intent) {
        return null;
    }
}
";1;"import android.app.Service;
import android.content.Intent;
import android.os.IBinder;
import android.os.PowerManager;

public class MessageSyncService extends Service {
    private PowerManager.WakeLock syncLock;

    @Override
    public int onStartCommand(Intent intent, int flags, int startId) {
        PowerManager pm = (PowerManager) getSystemService(POWER_SERVICE);
        if (pm != null) {
            if (syncLock == null) {
                syncLock = pm.newWakeLock(PowerManager.PARTIAL_WAKE_LOCK, ""ChatApp:SyncLock"");
                syncLock.setReferenceCounted(false);
            }
            if (!syncLock.isHeld()) {
                syncLock.acquire();
            }
        }
        return START_NOT_STICKY;
    }

    @Override
    public void onTrimMemory(int level) {
        super.onTrimMemory(level);
        releaseWakeLock();
    }

    @Override
    public void onDestroy() {
        releaseWakeLock();
        super.onDestroy();
    }

    private void releaseWakeLock() {
        if (syncLock != null && syncLock.isHeld()) {
            syncLock.release();
        }
    }

    @Override
    public IBinder onBind(Intent intent) {
        return null;
    }
}";"import android.app.Service;
import android.content.Intent;
import android.os.IBinder;
import android.os.PowerManager;

public class MessageSyncService extends Service {
    private PowerManager.WakeLock syncLock;

    @Override
    public int onStartCommand(Intent intent, int flags, int startId) {
        PowerManager pm = (PowerManager) getSystemService(POWER_SERVICE);
        syncLock = pm.newWakeLock(PowerManager.PARTIAL_WAKE_LOCK, ""ChatApp:SyncLock"");
        syncLock.acquire(10 * 60 * 1000L);
        return START_NOT_STICKY;
    }

    @Override
    public void onTrimMemory(int level) {
        super.onTrimMemory(level);
        releaseWakeLock();
    }

    @Override
    public void onDestroy() {
        super.onDestroy();
        releaseWakeLock();
    }

    private void releaseWakeLock() {
        if (syncLock != null && syncLock.isHeld()) {
            syncLock.release();
            syncLock = null;
        }
    }

    @Override
    public IBinder onBind(Intent intent) {
        return null;
    }
}";"import android.app.Service;
import android.content.Intent;
import android.os.IBinder;
import android.os.PowerManager;

public class MessageSyncService extends Service {
    private PowerManager.WakeLock syncLock;

    @Override
    public int onStartCommand(Intent intent, int flags, int startId) {
        if (syncLock == null) {
            PowerManager pm = (PowerManager) getSystemService(POWER_SERVICE);
            syncLock = pm.newWakeLock(PowerManager.PARTIAL_WAKE_LOCK, ""ChatApp:SyncLock"");
        }
        if (!syncLock.isHeld()) {
            syncLock.acquire();
        }
        return START_NOT_STICKY;
    }

    @Override
    public void onTrimMemory(int level) {
        super.onTrimMemory(level);
        if (syncLock != null && syncLock.isHeld()) {
            syncLock.release();
        }
    }

    @Override
    public void onDestroy() {
        super.onDestroy();
        if (syncLock != null && syncLock.isHeld()) {
            syncLock.release();
        }
    }

    @Override
    public IBinder onBind(Intent intent) {
        return null;
    }
}";0;0;0
Case_172_ConnectBot_SINTETICO_9_BUG;App de Telemetria de Frota;android.os.PowerManager.WakeLock;"import android.app.IntentService;
import android.content.Intent;
import android.os.PowerManager;

public class FleetTelemetryService extends IntentService {
    private PowerManager.WakeLock telemetryLock;

    public FleetTelemetryService() {
        super(""FleetTelemetryService"");
    }

    @Override
    protected void onHandleIntent(Intent intent) {
        PowerManager pm = (PowerManager) getSystemService(POWER_SERVICE);
        telemetryLock = pm.newWakeLock(PowerManager.PARTIAL_WAKE_LOCK, ""FleetApp:TelemetryLock"");
        telemetryLock.acquire();
        // processamento de telemetria
        // BUG: sem release no fim do trabalho
    }
}
";1;"import android.app.IntentService;
import android.content.Intent;
import android.os.PowerManager;

public class FleetTelemetryService extends IntentService {
    private PowerManager.WakeLock telemetryLock;

    public FleetTelemetryService() {
        super(""FleetTelemetryService"");
    }

    @Override
    protected void onHandleIntent(Intent intent) {
        PowerManager pm = (PowerManager) getSystemService(POWER_SERVICE);
        if (pm == null) {
            return;
        }

        telemetryLock = pm.newWakeLock(PowerManager.PARTIAL_WAKE_LOCK, ""FleetApp:TelemetryLock"");
        try {
            telemetryLock.acquire();
            // processamento de telemetria
        } finally {
            if (telemetryLock != null && telemetryLock.isHeld()) {
                telemetryLock.release();
            }
        }
    }
}";"import android.app.IntentService;
import android.content.Intent;
import android.os.PowerManager;

public class FleetTelemetryService extends IntentService {
    private PowerManager.WakeLock telemetryLock;

    public FleetTelemetryService() {
        super(""FleetTelemetryService"");
    }

    @Override
    protected void onHandleIntent(Intent intent) {
        PowerManager pm = (PowerManager) getSystemService(POWER_SERVICE);
        telemetryLock = pm.newWakeLock(PowerManager.PARTIAL_WAKE_LOCK, ""FleetApp:TelemetryLock"");
        telemetryLock.acquire();
        try {
            // processamento de telemetria
        } finally {
            if (telemetryLock != null && telemetryLock.isHeld()) {
                telemetryLock.release();
            }
        }
    }
}";"import android.app.IntentService;
import android.content.Intent;
import android.os.PowerManager;

public class FleetTelemetryService extends IntentService {
    private PowerManager.WakeLock telemetryLock;

    public FleetTelemetryService() {
        super(""FleetTelemetryService"");
    }

    @Override
    protected void onHandleIntent(Intent intent) {
        PowerManager pm = (PowerManager) getSystemService(POWER_SERVICE);
        telemetryLock = pm.newWakeLock(PowerManager.PARTIAL_WAKE_LOCK, ""FleetApp:TelemetryLock"");
        telemetryLock.acquire();
        try {
            // processamento de telemetria
        } finally {
            if (telemetryLock != null && telemetryLock.isHeld()) {
                telemetryLock.release();
            }
        }
    }
}";0;1;1
Case_172_ConnectBot_SINTETICO_10_BUG;App de Drone;android.os.PowerManager.WakeLock;"import android.app.Activity;
import android.os.Bundle;
import android.os.PowerManager;

public class FlightControlActivity extends Activity {
    private PowerManager.WakeLock flightLock;

    @Override
    protected void onCreate(Bundle savedInstanceState) {
        super.onCreate(savedInstanceState);
        PowerManager pm = (PowerManager) getSystemService(POWER_SERVICE);
        flightLock = pm.newWakeLock(PowerManager.PARTIAL_WAKE_LOCK, ""DroneApp:FlightLock"");
        flightLock.acquire();
    }

    @Override
    protected void onPause() {
        super.onPause();
        // BUG: atividade em background mantém o wakelock
    }
}
";1;"import android.app.Activity;
import android.os.Bundle;
import android.os.PowerManager;

public class FlightControlActivity extends Activity {
    private PowerManager.WakeLock flightLock;

    @Override
    protected void onCreate(Bundle savedInstanceState) {
        super.onCreate(savedInstanceState);
        PowerManager pm = (PowerManager) getSystemService(POWER_SERVICE);
        if (pm != null) {
            flightLock = pm.newWakeLock(PowerManager.PARTIAL_WAKE_LOCK, ""DroneApp:FlightLock"");
            flightLock.acquire();
        }
    }

    @Override
    protected void onPause() {
        if (flightLock != null && flightLock.isHeld()) {
            flightLock.release();
        }
        super.onPause();
    }
}";"import android.app.Activity;
import android.os.Bundle;
import android.os.PowerManager;

public class FlightControlActivity extends Activity {
    private PowerManager.WakeLock flightLock;

    @Override
    protected void onCreate(Bundle savedInstanceState) {
        super.onCreate(savedInstanceState);
        PowerManager pm = (PowerManager) getSystemService(POWER_SERVICE);
        flightLock = pm.newWakeLock(PowerManager.PARTIAL_WAKE_LOCK, ""DroneApp:FlightLock"");
    }

    @Override
    protected void onResume() {
        super.onResume();
        if (flightLock != null && !flightLock.isHeld()) {
            flightLock.acquire();
        }
    }

    @Override
    protected void onPause() {
        super.onPause();
        if (flightLock != null && flightLock.isHeld()) {
            flightLock.release();
        }
    }

    @Override
    protected void onDestroy() {
        super.onDestroy();
        if (flightLock != null && flightLock.isHeld()) {
            flightLock.release();
        }
        flightLock = null;
    }
}";"import android.app.Activity;
import android.os.Bundle;
import android.os.PowerManager;

public class FlightControlActivity extends Activity {
    private PowerManager.WakeLock flightLock;

    @Override
    protected void onCreate(Bundle savedInstanceState) {
        super.onCreate(savedInstanceState);
        PowerManager pm = (PowerManager) getSystemService(POWER_SERVICE);
        flightLock = pm.newWakeLock(PowerManager.PARTIAL_WAKE_LOCK, ""DroneApp:FlightLock"");
    }

    @Override
    protected void onResume() {
        super.onResume();
        if (flightLock != null && !flightLock.isHeld()) {
            flightLock.acquire();
        }
    }

    @Override
    protected void onPause() {
        super.onPause();
        if (flightLock != null && flightLock.isHeld()) {
            flightLock.release();
        }
    }
}";1;0;0
Case_172_ConnectBot_SINTETICO_11_BUG;App de Pagamento Mobile;android.os.PowerManager.WakeLock;"import android.app.Activity;
import android.os.Bundle;
import android.os.PowerManager;

public class PaymentProcessingActivity extends Activity {
    private PowerManager.WakeLock paymentLock;

    @Override
    protected void onResume() {
        super.onResume();
        PowerManager pm = (PowerManager) getSystemService(POWER_SERVICE);
        paymentLock = pm.newWakeLock(PowerManager.PARTIAL_WAKE_LOCK, ""PayApp:PaymentLock"");
        paymentLock.acquire();
    }

    @Override
    protected void onStop() {
        super.onStop();
        // BUG: lock não é libertado após terminar o checkout
    }
}
";1;"import android.app.Activity;
import android.os.Bundle;
import android.os.PowerManager;

public class PaymentProcessingActivity extends Activity {
    private PowerManager.WakeLock paymentLock;

    @Override
    protected void onResume() {
        super.onResume();
        PowerManager pm = (PowerManager) getSystemService(POWER_SERVICE);
        if (paymentLock == null) {
            paymentLock = pm.newWakeLock(PowerManager.PARTIAL_WAKE_LOCK, ""PayApp:PaymentLock"");
            paymentLock.setReferenceCounted(false);
        }
        if (!paymentLock.isHeld()) {
            paymentLock.acquire();
        }
    }

    @Override
    protected void onStop() {
        if (paymentLock != null && paymentLock.isHeld()) {
            paymentLock.release();
        }
        super.onStop();
    }
}";"import android.app.Activity;
import android.os.Bundle;
import android.os.PowerManager;

public class PaymentProcessingActivity extends Activity {
    private PowerManager.WakeLock paymentLock;

    @Override
    protected void onResume() {
        super.onResume();
        PowerManager pm = (PowerManager) getSystemService(POWER_SERVICE);
        paymentLock = pm.newWakeLock(PowerManager.PARTIAL_WAKE_LOCK, ""PayApp:PaymentLock"");
        paymentLock.acquire();
    }

    @Override
    protected void onStop() {
        super.onStop();
        if (paymentLock != null && paymentLock.isHeld()) {
            paymentLock.release();
        }
    }
}";"import android.app.Activity;
import android.os.Bundle;
import android.os.PowerManager;

public class PaymentProcessingActivity extends Activity {
    private PowerManager.WakeLock paymentLock;

    @Override
    protected void onResume() {
        super.onResume();
        PowerManager pm = (PowerManager) getSystemService(POWER_SERVICE);
        paymentLock = pm.newWakeLock(PowerManager.PARTIAL_WAKE_LOCK, ""PayApp:PaymentLock"");
        paymentLock.acquire();
    }

    @Override
    protected void onStop() {
        super.onStop();
        if (paymentLock != null && paymentLock.isHeld()) {
            paymentLock.release();
        }
    }
}";1;1;1
Case_175_CSipSimple_SINTETICO_1_BUG;App de Musica;android.os.PowerManager.WakeLock;"if (playlist != null && !playlist.isEmpty()) {
    for (Track track : playlist) {
        if (track.isBuffering()) {
            Log.w(TAG, ""Outra faixa já está a tocar, ignorando nova reprodução"");
            player.stopCurrentTrack();
            return;
        }
    }
}
";1;"if (playlist != null && !playlist.isEmpty()) {
    for (Track track : playlist) {
        if (track == null) {
            continue;
        }
        try {
            if (track.isBuffering()) {
                Log.w(TAG, ""Outra faixa já está a tocar, ignorando nova reprodução"");
                player.stopCurrentTrack();
                return;
            }
        } finally {
            try {
                track.close();
            } catch (Exception e) {
                Log.w(TAG, ""Erro ao fechar recurso da faixa"", e);
            }
        }
    }
}";"if (playlist != null && !playlist.isEmpty()) {
    for (Track track : playlist) {
        if (track.isBuffering()) {
            Log.w(TAG, ""Outra faixa já está a tocar, ignorando nova reprodução"");
            player.stopCurrentTrack();
            player.release();
            return;
        }
    }
}";"if (playlist != null && !playlist.isEmpty()) {
    for (Track track : playlist) {
        if (track.isBuffering()) {
            Log.w(TAG, ""Outra faixa já está a tocar, ignorando nova reprodução"");
            player.stopCurrentTrack();
            player.release();
            return;
        }
    }
}";0;0;0
Case_175_CSipSimple_SINTETICO_2_BUG;App de Scanner de Documentos;android.os.PowerManager.WakeLock;"if (pages != null && pages.length > 0) {
    for (Page page : pages) {
        if (page.isCorrupted()) {
            Log.e(TAG, ""Página corrompida encontrada, cancelando scan"");
            scanner.cancel();
            return;
        }
    }
}
";1;"if (pages != null && pages.length > 0) {
    try {
        for (Page page : pages) {
            if (page.isCorrupted()) {
                Log.e(TAG, ""Página corrompida encontrada, cancelando scan"");
                scanner.cancel();
                return;
            }
        }
    } finally {
        for (Page page : pages) {
            if (page instanceof AutoCloseable) {
                try {
                    ((AutoCloseable) page).close();
                } catch (Exception e) {
                    Log.e(TAG, ""Erro ao fechar recurso da página"", e);
                }
            }
        }
    }
}";"if (pages != null && pages.length > 0) {
    for (Page page : pages) {
        if (page.isCorrupted()) {
            Log.e(TAG, ""Página corrompida encontrada, cancelando scan"");
            try {
                scanner.cancel();
            } finally {
                scanner.close();
            }
            return;
        }
    }
}";"if (pages != null && pages.length > 0) {
    for (Page page : pages) {
        if (page.isCorrupted()) {
            Log.e(TAG, ""Página corrompida encontrada, cancelando scan"");
            scanner.cancel();
            scanner.close();
            return;
        }
    }
}";0;0;0
Case_175_CSipSimple_SINTETICO_3_BUG;App de Fitness;android.os.PowerManager.WakeLock;"if (workoutSession != null) {
    for (WorkoutSession session : workoutSession) {
        if (session.isOverlapping()) {
            Log.d(TAG, ""Sessão já em andamento, não iniciar novo treino"");
            trainer.endSession();
            return;
        }
    }
}
";1;"if (workoutSession != null) {
    try {
        for (WorkoutSession session : workoutSession) {
            if (session.isOverlapping()) {
                Log.d(TAG, ""Sessão já em andamento, não iniciar novo treino"");
                trainer.endSession();
                return;
            }
        }
    } finally {
        for (WorkoutSession session : workoutSession) {
            if (session instanceof AutoCloseable) {
                try {
                    ((AutoCloseable) session).close();
                } catch (Exception e) {
                    Log.w(TAG, ""Erro ao fechar WorkoutSession"", e);
                }
            }
        }
    }
}";"if (workoutSession != null) {
    for (WorkoutSession session : workoutSession) {
        if (session.isOverlapping()) {
            Log.d(TAG, ""Sessão já em andamento, não iniciar novo treino"");
            session.close();
            trainer.endSession();
            return;
        }
    }
}";"if (workoutSession != null) {
    try {
        for (WorkoutSession session : workoutSession) {
            if (session.isOverlapping()) {
                Log.d(TAG, ""Sessão já em andamento, não iniciar novo treino"");
                trainer.endSession();
                return;
            }
        }
    } finally {
        workoutSession.close();
    }
}";0;0;0
Case_175_CSipSimple_SINTETICO_4_BUG;App de Navegação GPS;android.os.PowerManager.WakeLock;"if (routes != null && routes.size() > 0) {
    for (Route route : routes) {
        if (route.hasTrafficJam()) {
            Log.i(TAG, ""Trânsito intenso detectado, recalculando rota"");
            navigator.recalculateRoute();
            return;
        }
    }
}
";1;"if (routes != null && !routes.isEmpty()) {
    for (Route route : routes) {
        try {
            if (route.hasTrafficJam()) {
                Log.i(TAG, ""Trânsito intenso detectado, recalculando rota"");
                navigator.recalculateRoute();
                return;
            }
        } finally {
            if (route instanceof AutoCloseable) {
                try {
                    ((AutoCloseable) route).close();
                } catch (Exception e) {
                    Log.w(TAG, ""Erro ao fechar recurso da rota"", e);
                }
            }
        }
    }
}";"if (routes != null && routes.size() > 0) {
    for (Route route : routes) {
        try {
            if (route.hasTrafficJam()) {
                Log.i(TAG, ""Trânsito intenso detectado, recalculando rota"");
                navigator.recalculateRoute();
                return;
            }
        } finally {
            route.close();
        }
    }
}";"if (routes != null && routes.size() > 0) {
    for (Route route : routes) {
        if (route.hasTrafficJam()) {
            Log.i(TAG, ""Trânsito intenso detectado, recalculando rota"");
            navigator.recalculateRoute();
            break;
        }
    }
}";0;0;1
Case_175_CSipSimple_SINTETICO_5_BUG;App de Reprodução de Vídeo;android.os.PowerManager.WakeLock;"if (streams != null && !streams.isEmpty()) {
    for (Stream stream : streams) {
        if (!stream.isReady()) {
            Log.e(TAG, ""Stream indisponível, a encerrar reprodução"");
            videoPlayer.pause();
            return;
        }
    }
}
";1;"if (streams != null && !streams.isEmpty()) {
    for (Stream stream : streams) {
        try {
            if (!stream.isReady()) {
                Log.e(TAG, ""Stream indisponível, a encerrar reprodução"");
                videoPlayer.pause();
                return;
            }
        } finally {
            if (stream != null) {
                try {
                    stream.close();
                } catch (Exception e) {
                    Log.e(TAG, ""Erro ao fechar stream"", e);
                }
            }
        }
    }
}";"if (streams != null && !streams.isEmpty()) {
    for (Stream stream : streams) {
        if (!stream.isReady()) {
            Log.e(TAG, ""Stream indisponível, a encerrar reprodução"");
            videoPlayer.pause();
            stream.close();
            return;
        }
        stream.close();
    }
}";"if (streams != null && !streams.isEmpty()) {
    for (Stream stream : streams) {
        if (!stream.isReady()) {
            Log.e(TAG, ""Stream indisponível, a encerrar reprodução"");
            videoPlayer.release();
            for (Stream s : streams) {
                if (s != null) {
                    s.close();
                }
            }
            return;
        }
    }
}";0;0;0
Case_175_CSipSimple_SINTETICO_6_BUG;App de Câmera / Fotos;android.os.PowerManager.WakeLock;"if (captures != null && captures.length > 0) {
    for (CaptureRequest request : captures) {
        if (request.isInvalid()) {
            Log.w(TAG, ""Pedido inválido, a abortar captura"");
            cameraSession.abortCaptures();
            return;
        }
    }
}
";1;"if (captures != null && captures.length > 0) {
    try {
        for (CaptureRequest request : captures) {
            if (request.isInvalid()) {
                Log.w(TAG, ""Pedido inválido, a abortar captura"");
                cameraSession.abortCaptures();
                return;
            }
        }
    } finally {
        for (CaptureRequest request : captures) {
            if (request != null) {
                request.close();
            }
        }
    }
}";"if (captures != null && captures.length > 0) {
    for (CaptureRequest request : captures) {
        if (request.isInvalid()) {
            Log.w(TAG, ""Pedido inválido, a abortar captura"");
            try {
                cameraSession.abortCaptures();
            } finally {
                cameraSession.close();
            }
            return;
        }
    }
}";"if (captures != null && captures.length > 0) {
    for (CaptureRequest request : captures) {
        if (request.isInvalid()) {
            Log.w(TAG, ""Pedido inválido, a abortar captura"");
            cameraSession.abortCaptures();
            cameraSession.close();
            return;
        }
    }
}";0;0;0
Case_175_CSipSimple_SINTETICO_7_BUG;App de Mensagens com Anexo de Voz;android.os.PowerManager.WakeLock;"if (recordings != null && recordings.size() > 0) {
    for (VoiceRecording recording : recordings) {
        if (recording.isTooLong()) {
            Log.e(TAG, ""Gravação excedeu o limite, cancelando upload"");
            uploader.cancel();
            return;
        }
    }
}
";1;"if (recordings != null && !recordings.isEmpty()) {
    for (VoiceRecording recording : recordings) {
        if (recording.isTooLong()) {
            Log.e(TAG, ""Gravação excedeu o limite, cancelando upload"");
            try {
                uploader.cancel();
            } finally {
                if (uploader != null) {
                    uploader.close();
                }
            }
            return;
        }
    }
}";"if (recordings != null && recordings.size() > 0) {
    for (VoiceRecording recording : recordings) {
        if (recording.isTooLong()) {
            Log.e(TAG, ""Gravação excedeu o limite, cancelando upload"");
            uploader.cancel();
            uploader.close();
            return;
        }
    }
}";"if (recordings != null && recordings.size() > 0) {
    for (VoiceRecording recording : recordings) {
        if (recording.isTooLong()) {
            Log.e(TAG, ""Gravação excedeu o limite, cancelando upload"");
            uploader.cancel();
            uploader.close();
            return;
        }
    }
}";0;0;0
Case_175_CSipSimple_SINTETICO_8_BUG;App de Monitorização de Saúde;android.os.PowerManager.WakeLock;"if (readings != null && readings.length > 0) {
    for (HeartRateReading reading : readings) {
        if (reading.isSensorFault()) {
            Log.e(TAG, ""Falha no sensor detetada, interrompendo aquisição"");
            sensorManager.stopSampling();
            return;
        }
    }
}
";1;"if (readings != null && readings.length > 0) {
    try {
        for (HeartRateReading reading : readings) {
            if (reading.isSensorFault()) {
                Log.e(TAG, ""Falha no sensor detetada, interrompendo aquisição"");
                return;
            }
        }
    } finally {
        sensorManager.stopSampling();
    }
}";"if (readings != null && readings.length > 0) {
    for (HeartRateReading reading : readings) {
        if (reading.isSensorFault()) {
            Log.e(TAG, ""Falha no sensor detetada, interrompendo aquisição"");
            try {
                sensorManager.stopSampling();
            } finally {
                sensorManager.close();
            }
            return;
        }
    }
}";"try {
    if (readings != null && readings.length > 0) {
        for (HeartRateReading reading : readings) {
            if (reading.isSensorFault()) {
                Log.e(TAG, ""Falha no sensor detetada, interrompendo aquisição"");
                return;
            }
        }
    }
} finally {
    sensorManager.stopSampling();
}";0;0;0
Case_175_CSipSimple_SINTETICO_9_BUG;App de E-book / Leitor Digital;android.os.PowerManager.WakeLock;"if (chapters != null && chapters.size() > 0) {
    for (Chapter chapter : chapters) {
        if (chapter.isLocked()) {
            Log.d(TAG, ""Capítulo bloqueado, a parar carregamento"");
            bookLoader.stop();
            return;
        }
    }
}
";1;"if (chapters != null && !chapters.isEmpty()) {
    try {
        for (Chapter chapter : chapters) {
            if (chapter.isLocked()) {
                Log.d(TAG, ""Capítulo bloqueado, a parar carregamento"");
                bookLoader.stop();
                return;
            }
        }
    } finally {
        if (bookLoader != null) {
            bookLoader.stop();
        }
    }
}";"if (chapters != null && chapters.size() > 0) {
    for (Chapter chapter : chapters) {
        if (chapter.isLocked()) {
            Log.d(TAG, ""Capítulo bloqueado, a parar carregamento"");
            try {
                bookLoader.stop();
            } finally {
                bookLoader.close();
            }
            return;
        }
    }
}";"if (chapters != null && chapters.size() > 0) {
    for (Chapter chapter : chapters) {
        if (chapter.isLocked()) {
            Log.d(TAG, ""Capítulo bloqueado, a parar carregamento"");
            bookLoader.stop();
            bookLoader.close();
            return;
        }
    }
}";0;0;0
Case_175_CSipSimple_SINTETICO_10_BUG;App de E-commerce com Checkout;android.os.PowerManager.WakeLock;"if (orders != null && orders.length > 0) {
    for (Order order : orders) {
        if (order.isPaymentDeclined()) {
            Log.e(TAG, ""Pagamento recusado, a cancelar checkout"");
            checkoutManager.abort();
            return;
        }
    }
}
";1;"if (orders != null && orders.length > 0) {
    try {
        for (Order order : orders) {
            if (order.isPaymentDeclined()) {
                Log.e(TAG, ""Pagamento recusado, a cancelar checkout"");
                checkoutManager.abort();
                return;
            }
        }
    } finally {
        for (Order order : orders) {
            if (order != null) {
                order.close();
            }
        }
    }
}";"if (orders != null && orders.length > 0) {
    for (Order order : orders) {
        if (order.isPaymentDeclined()) {
            Log.e(TAG, ""Pagamento recusado, a cancelar checkout"");
            try {
                checkoutManager.abort();
            } finally {
                checkoutManager.close();
            }
            return;
        }
    }
}";"if (orders != null && orders.length > 0) {
    for (Order order : orders) {
        if (order.isPaymentDeclined()) {
            Log.e(TAG, ""Pagamento recusado, a cancelar checkout"");
            checkoutManager.abort();
            checkoutManager.close();
            return;
        }
    }
}";0;0;0
Case_178_Xabber_SINTETICO_1_BUG;App de Musica;android.view.MotionEvent;"private void stopScrubbing() {
    seekBar.onTouchEvent(MotionEvent.obtain(SystemClock.uptimeMillis(),
            SystemClock.uptimeMillis(), MotionEvent.ACTION_CANCEL, 0, 0, 0));
}
";1;"private void stopScrubbing() {
    MotionEvent event = MotionEvent.obtain(
            SystemClock.uptimeMillis(),
            SystemClock.uptimeMillis(),
            MotionEvent.ACTION_CANCEL,
            0,
            0,
            0
    );
    try {
        seekBar.onTouchEvent(event);
    } finally {
        event.recycle();
    }
}";"private void stopScrubbing() {
    MotionEvent event = MotionEvent.obtain(SystemClock.uptimeMillis(),
            SystemClock.uptimeMillis(), MotionEvent.ACTION_CANCEL, 0, 0, 0);
    try {
        seekBar.onTouchEvent(event);
    } finally {
        event.recycle();
    }
}";"private void stopScrubbing() {
    MotionEvent event = MotionEvent.obtain(SystemClock.uptimeMillis(),
            SystemClock.uptimeMillis(), MotionEvent.ACTION_CANCEL, 0, 0, 0);
    seekBar.onTouchEvent(event);
    event.recycle();
}";0;0;1
Case_178_Xabber_SINTETICO_2_BUG;App de Scanner;android.view.MotionEvent;"private void cancelScanGesture() {
    previewView.onTouchEvent(MotionEvent.obtain(SystemClock.uptimeMillis(),
            SystemClock.uptimeMillis(), MotionEvent.ACTION_CANCEL, 0, 0, 0));
}
";1;"private void cancelScanGesture() {
    MotionEvent event = MotionEvent.obtain(
            SystemClock.uptimeMillis(),
            SystemClock.uptimeMillis(),
            MotionEvent.ACTION_CANCEL,
            0,
            0,
            0
    );
    try {
        previewView.onTouchEvent(event);
    } finally {
        event.recycle();
    }
}";"private void cancelScanGesture() {
    MotionEvent event = MotionEvent.obtain(SystemClock.uptimeMillis(),
            SystemClock.uptimeMillis(), MotionEvent.ACTION_CANCEL, 0, 0, 0);
    try {
        previewView.onTouchEvent(event);
    } finally {
        event.recycle();
    }
}";"private void cancelScanGesture() {
    MotionEvent event = MotionEvent.obtain(SystemClock.uptimeMillis(),
            SystemClock.uptimeMillis(), MotionEvent.ACTION_CANCEL, 0, 0, 0);
    try {
        previewView.onTouchEvent(event);
    } finally {
        event.recycle();
    }
}";0;0;0
Case_178_Xabber_SINTETICO_3_BUG;App de Fitness;android.view.MotionEvent;"private void stopPaceAdjustment() {
    speedSlider.onTouchEvent(MotionEvent.obtain(SystemClock.uptimeMillis(),
            SystemClock.uptimeMillis(), MotionEvent.ACTION_CANCEL, 0, 0, 0));
}
";1;"private void stopPaceAdjustment() {
    MotionEvent event = MotionEvent.obtain(
            SystemClock.uptimeMillis(),
            SystemClock.uptimeMillis(),
            MotionEvent.ACTION_CANCEL,
            0,
            0,
            0
    );
    try {
        speedSlider.onTouchEvent(event);
    } finally {
        event.recycle();
    }
}";"private void stopPaceAdjustment() {
    MotionEvent event = MotionEvent.obtain(SystemClock.uptimeMillis(),
            SystemClock.uptimeMillis(), MotionEvent.ACTION_CANCEL, 0, 0, 0);
    try {
        speedSlider.onTouchEvent(event);
    } finally {
        event.recycle();
    }
}";"private void stopPaceAdjustment() {
    MotionEvent event = MotionEvent.obtain(SystemClock.uptimeMillis(),
            SystemClock.uptimeMillis(), MotionEvent.ACTION_CANCEL, 0, 0, 0);
    try {
        speedSlider.onTouchEvent(event);
    } finally {
        event.recycle();
    }
}";0;0;0
Case_178_Xabber_SINTETICO_4_BUG;App de E-commerce;android.view.MotionEvent;"private void dismissSwipeRefresh() {
    recyclerView.onTouchEvent(MotionEvent.obtain(SystemClock.uptimeMillis(),
            SystemClock.uptimeMillis(), MotionEvent.ACTION_CANCEL, 0, 0, 0));
}
";1;"private void dismissSwipeRefresh() {
    MotionEvent event = MotionEvent.obtain(
            SystemClock.uptimeMillis(),
            SystemClock.uptimeMillis(),
            MotionEvent.ACTION_CANCEL,
            0,
            0,
            0
    );
    try {
        recyclerView.onTouchEvent(event);
    } finally {
        event.recycle();
    }
}";"private void dismissSwipeRefresh() {
    MotionEvent motionEvent = MotionEvent.obtain(SystemClock.uptimeMillis(),
            SystemClock.uptimeMillis(), MotionEvent.ACTION_CANCEL, 0, 0, 0);
    try {
        recyclerView.onTouchEvent(motionEvent);
    } finally {
        motionEvent.recycle();
    }
}";"private void dismissSwipeRefresh() {
    MotionEvent event = MotionEvent.obtain(SystemClock.uptimeMillis(),
            SystemClock.uptimeMillis(), MotionEvent.ACTION_CANCEL, 0, 0, 0);
    recyclerView.onTouchEvent(event);
    event.recycle();
}";0;0;1
Case_178_Xabber_SINTETICO_5_BUG;App de Navegação;android.view.MotionEvent;"private void abortMapDrag() {
    mapView.onTouchEvent(MotionEvent.obtain(SystemClock.uptimeMillis(),
            SystemClock.uptimeMillis(), MotionEvent.ACTION_CANCEL, 0, 0, 0));
}
";1;"private void abortMapDrag() {
    MotionEvent event = MotionEvent.obtain(
            SystemClock.uptimeMillis(),
            SystemClock.uptimeMillis(),
            MotionEvent.ACTION_CANCEL,
            0,
            0,
            0
    );
    try {
        mapView.onTouchEvent(event);
    } finally {
        event.recycle();
    }
}";"private void abortMapDrag() {
    MotionEvent event = MotionEvent.obtain(SystemClock.uptimeMillis(),
            SystemClock.uptimeMillis(), MotionEvent.ACTION_CANCEL, 0, 0, 0);
    try {
        mapView.onTouchEvent(event);
    } finally {
        event.recycle();
    }
}";"private void abortMapDrag() {
    MotionEvent event = MotionEvent.obtain(SystemClock.uptimeMillis(),
            SystemClock.uptimeMillis(), MotionEvent.ACTION_CANCEL, 0, 0, 0);
    mapView.onTouchEvent(event);
    event.recycle();
}";0;0;1
Case_178_Xabber_SINTETICO_6_BUG;App de Leitura;android.view.MotionEvent;"private void stopPageFling() {
    pager.onTouchEvent(MotionEvent.obtain(SystemClock.uptimeMillis(),
            SystemClock.uptimeMillis(), MotionEvent.ACTION_CANCEL, 0, 0, 0));
}
";1;"private void stopPageFling() {
    MotionEvent event = MotionEvent.obtain(
            SystemClock.uptimeMillis(),
            SystemClock.uptimeMillis(),
            MotionEvent.ACTION_CANCEL,
            0,
            0,
            0
    );
    try {
        pager.onTouchEvent(event);
    } finally {
        event.recycle();
    }
}";"private void stopPageFling() {
    MotionEvent event = MotionEvent.obtain(SystemClock.uptimeMillis(),
            SystemClock.uptimeMillis(), MotionEvent.ACTION_CANCEL, 0, 0, 0);
    try {
        pager.onTouchEvent(event);
    } finally {
        event.recycle();
    }
}";"private void stopPageFling() {
    MotionEvent event = MotionEvent.obtain(SystemClock.uptimeMillis(),
            SystemClock.uptimeMillis(), MotionEvent.ACTION_CANCEL, 0, 0, 0);
    pager.onTouchEvent(event);
    event.recycle();
}";0;0;1
Case_178_Xabber_SINTETICO_7_BUG;App de Desenho;android.view.MotionEvent;"private void cancelBrushStroke() {
    drawingCanvas.onTouchEvent(MotionEvent.obtain(SystemClock.uptimeMillis(),
            SystemClock.uptimeMillis(), MotionEvent.ACTION_CANCEL, 0, 0, 0));
}
";1;"private void cancelBrushStroke() {
    MotionEvent event = MotionEvent.obtain(
            SystemClock.uptimeMillis(),
            SystemClock.uptimeMillis(),
            MotionEvent.ACTION_CANCEL,
            0,
            0,
            0
    );
    try {
        drawingCanvas.onTouchEvent(event);
    } finally {
        event.recycle();
    }
}";"private void cancelBrushStroke() {
    MotionEvent motionEvent = MotionEvent.obtain(SystemClock.uptimeMillis(),
            SystemClock.uptimeMillis(), MotionEvent.ACTION_CANCEL, 0, 0, 0);
    try {
        drawingCanvas.onTouchEvent(motionEvent);
    } finally {
        motionEvent.recycle();
    }
}";"private void cancelBrushStroke() {
    MotionEvent event = MotionEvent.obtain(SystemClock.uptimeMillis(),
            SystemClock.uptimeMillis(), MotionEvent.ACTION_CANCEL, 0, 0, 0);
    try {
        drawingCanvas.onTouchEvent(event);
    } finally {
        event.recycle();
    }
}";0;0;0
Case_178_Xabber_SINTETICO_8_BUG;App de Chat;android.view.MotionEvent;"private void releaseAttachmentSwipe() {
    attachmentList.onTouchEvent(MotionEvent.obtain(SystemClock.uptimeMillis(),
            SystemClock.uptimeMillis(), MotionEvent.ACTION_CANCEL, 0, 0, 0));
}
";1;"private void releaseAttachmentSwipe() {
    MotionEvent event = MotionEvent.obtain(
            SystemClock.uptimeMillis(),
            SystemClock.uptimeMillis(),
            MotionEvent.ACTION_CANCEL,
            0,
            0,
            0
    );
    try {
        attachmentList.onTouchEvent(event);
    } finally {
        event.recycle();
    }
}";"private void releaseAttachmentSwipe() {
    MotionEvent event = MotionEvent.obtain(SystemClock.uptimeMillis(),
            SystemClock.uptimeMillis(), MotionEvent.ACTION_CANCEL, 0, 0, 0);
    try {
        attachmentList.onTouchEvent(event);
    } finally {
        event.recycle();
    }
}";"private void releaseAttachmentSwipe() {
    MotionEvent event = MotionEvent.obtain(SystemClock.uptimeMillis(),
            SystemClock.uptimeMillis(), MotionEvent.ACTION_CANCEL, 0, 0, 0);
    try {
        attachmentList.onTouchEvent(event);
    } finally {
        event.recycle();
    }
}";0;0;0
Case_178_Xabber_SINTETICO_9_BUG;App de Fotografias;android.view.MotionEvent;"private void stopZoomGesture() {
    imageViewer.onTouchEvent(MotionEvent.obtain(SystemClock.uptimeMillis(),
            SystemClock.uptimeMillis(), MotionEvent.ACTION_CANCEL, 0, 0, 0));
}
";1;"private void stopZoomGesture() {
    MotionEvent event = MotionEvent.obtain(
            SystemClock.uptimeMillis(),
            SystemClock.uptimeMillis(),
            MotionEvent.ACTION_CANCEL,
            0,
            0,
            0
    );
    try {
        imageViewer.onTouchEvent(event);
    } finally {
        event.recycle();
    }
}";"private void stopZoomGesture() {
    MotionEvent event = MotionEvent.obtain(SystemClock.uptimeMillis(),
            SystemClock.uptimeMillis(), MotionEvent.ACTION_CANCEL, 0, 0, 0);
    try {
        imageViewer.onTouchEvent(event);
    } finally {
        event.recycle();
    }
}";"private void stopZoomGesture() {
    MotionEvent event = MotionEvent.obtain(SystemClock.uptimeMillis(),
            SystemClock.uptimeMillis(), MotionEvent.ACTION_CANCEL, 0, 0, 0);
    imageViewer.onTouchEvent(event);
    event.recycle();
}";0;0;1
Case_178_Xabber_SINTETICO_10_BUG;App de Jogos;android.view.MotionEvent;"private void interruptJoystickDrag() {
    virtualJoystick.onTouchEvent(MotionEvent.obtain(SystemClock.uptimeMillis(),
            SystemClock.uptimeMillis(), MotionEvent.ACTION_CANCEL, 0, 0, 0));
}
";1;"private void interruptJoystickDrag() {
    MotionEvent event = MotionEvent.obtain(
            SystemClock.uptimeMillis(),
            SystemClock.uptimeMillis(),
            MotionEvent.ACTION_CANCEL,
            0,
            0,
            0
    );
    try {
        virtualJoystick.onTouchEvent(event);
    } finally {
        event.recycle();
    }
}";"private void interruptJoystickDrag() {
    MotionEvent event = MotionEvent.obtain(SystemClock.uptimeMillis(),
            SystemClock.uptimeMillis(), MotionEvent.ACTION_CANCEL, 0, 0, 0);
    try {
        virtualJoystick.onTouchEvent(event);
    } finally {
        event.recycle();
    }
}";"private void interruptJoystickDrag() {
    MotionEvent event = MotionEvent.obtain(SystemClock.uptimeMillis(),
            SystemClock.uptimeMillis(), MotionEvent.ACTION_CANCEL, 0, 0, 0);
    virtualJoystick.onTouchEvent(event);
    event.recycle();
}";0;0;1
Case_221_ChatSecure_SINTETICO_1_BUG;App de Música;java.io.FilterInputStream;"ByteArrayOutputStream out = new ByteArrayOutputStream();
SongMetadataOutputStream sos = new SongMetadataOutputStream(out);
sos.writeTrackId(trackId);

byte[] payload = out.toByteArray();

ByteArrayInputStream bin = new ByteArrayInputStream(payload);
SongMetadataInputStream sis = new SongMetadataInputStream(bin);
int result = sis.readTrackId();

assertEquals(trackId, result);";1;"byte[] payload;
try (ByteArrayOutputStream out = new ByteArrayOutputStream();
     SongMetadataOutputStream sos = new SongMetadataOutputStream(out)) {
    sos.writeTrackId(trackId);
    sos.flush();
    payload = out.toByteArray();
}

int result;
try (ByteArrayInputStream bin = new ByteArrayInputStream(payload);
     SongMetadataInputStream sis = new SongMetadataInputStream(bin)) {
    result = sis.readTrackId();
}

assertEquals(trackId, result);";"ByteArrayOutputStream out = new ByteArrayOutputStream();
try (SongMetadataOutputStream sos = new SongMetadataOutputStream(out)) {
    sos.writeTrackId(trackId);
}

byte[] payload = out.toByteArray();

ByteArrayInputStream bin = new ByteArrayInputStream(payload);
try (SongMetadataInputStream sis = new SongMetadataInputStream(bin)) {
    int result = sis.readTrackId();
    assertEquals(trackId, result);
}";"byte[] payload;
try (ByteArrayOutputStream out = new ByteArrayOutputStream();
     SongMetadataOutputStream sos = new SongMetadataOutputStream(out)) {
    sos.writeTrackId(trackId);
    payload = out.toByteArray();
}

int result;
try (ByteArrayInputStream bin = new ByteArrayInputStream(payload);
     SongMetadataInputStream sis = new SongMetadataInputStream(bin)) {
    result = sis.readTrackId();
}

assertEquals(trackId, result);";1;1;1
Case_221_ChatSecure_SINTETICO_2_BUG;App de Scanner de Documentos;java.io.FilterInputStream;"ByteArrayOutputStream out = new ByteArrayOutputStream();
ScanDataOutputStream sdos = new ScanDataOutputStream(out);
sdos.writePageCount(pageCount);

byte[] bytes = out.toByteArray();

ByteArrayInputStream bin = new ByteArrayInputStream(bytes);
ScanDataInputStream sdis = new ScanDataInputStream(bin);
int result = sdis.readPageCount();

assertEquals(pageCount, result);";1;"byte[] bytes;
try (ByteArrayOutputStream out = new ByteArrayOutputStream();
     ScanDataOutputStream sdos = new ScanDataOutputStream(out)) {
    sdos.writePageCount(pageCount);
    sdos.flush();
    bytes = out.toByteArray();
}

int result;
try (ByteArrayInputStream bin = new ByteArrayInputStream(bytes);
     ScanDataInputStream sdis = new ScanDataInputStream(bin)) {
    result = sdis.readPageCount();
}

assertEquals(pageCount, result);";"ByteArrayOutputStream out = new ByteArrayOutputStream();
try (ScanDataOutputStream sdos = new ScanDataOutputStream(out)) {
    sdos.writePageCount(pageCount);
}

byte[] bytes = out.toByteArray();

ByteArrayInputStream bin = new ByteArrayInputStream(bytes);
try (ScanDataInputStream sdis = new ScanDataInputStream(bin)) {
    int result = sdis.readPageCount();
    assertEquals(pageCount, result);
}";"try (ByteArrayOutputStream out = new ByteArrayOutputStream();
     ScanDataOutputStream sdos = new ScanDataOutputStream(out)) {
    sdos.writePageCount(pageCount);
    
    byte[] bytes = out.toByteArray();
    
    try (ByteArrayInputStream bin = new ByteArrayInputStream(bytes);
         ScanDataInputStream sdis = new ScanDataInputStream(bin)) {
        int result = sdis.readPageCount();
        assertEquals(pageCount, result);
    }
}";1;1;1
Case_221_ChatSecure_SINTETICO_3_BUG;App de Fitness;java.io.FilterInputStream;"ByteArrayOutputStream out = new ByteArrayOutputStream();
WorkoutOutputStream wos = new WorkoutOutputStream(out);
wos.writeHeartRate(avgHeartRate);

byte[] encoded = out.toByteArray();

ByteArrayInputStream bin = new ByteArrayInputStream(encoded);
WorkoutInputStream wis = new WorkoutInputStream(bin);
int result = wis.readHeartRate();

assertEquals(avgHeartRate, result);";1;"byte[] encoded;
try (ByteArrayOutputStream out = new ByteArrayOutputStream();
     WorkoutOutputStream wos = new WorkoutOutputStream(out)) {
    wos.writeHeartRate(avgHeartRate);
    wos.flush();
    encoded = out.toByteArray();
}

int result;
try (ByteArrayInputStream bin = new ByteArrayInputStream(encoded);
     WorkoutInputStream wis = new WorkoutInputStream(bin)) {
    result = wis.readHeartRate();
}

assertEquals(avgHeartRate, result);";"ByteArrayOutputStream out = new ByteArrayOutputStream();
try (WorkoutOutputStream wos = new WorkoutOutputStream(out)) {
    wos.writeHeartRate(avgHeartRate);
}

byte[] encoded = out.toByteArray();

ByteArrayInputStream bin = new ByteArrayInputStream(encoded);
try (WorkoutInputStream wis = new WorkoutInputStream(bin)) {
    int result = wis.readHeartRate();
    assertEquals(avgHeartRate, result);
}";"byte[] encoded;
try (ByteArrayOutputStream out = new ByteArrayOutputStream();
     WorkoutOutputStream wos = new WorkoutOutputStream(out)) {
    wos.writeHeartRate(avgHeartRate);
    encoded = out.toByteArray();
}

int result;
try (ByteArrayInputStream bin = new ByteArrayInputStream(encoded);
     WorkoutInputStream wis = new WorkoutInputStream(bin)) {
    result = wis.readHeartRate();
}

assertEquals(avgHeartRate, result);";1;1;1
Case_221_ChatSecure_SINTETICO_4_BUG;App de Pagamentos;java.io.FilterInputStream;"ByteArrayOutputStream out = new ByteArrayOutputStream();
TransactionOutputStream tos = new TransactionOutputStream(out);
tos.writeAmount(amountInCents);

byte[] serialized = out.toByteArray();

ByteArrayInputStream bin = new ByteArrayInputStream(serialized);
TransactionInputStream tis = new TransactionInputStream(bin);
long result = tis.readAmount();

assertEquals(amountInCents, result);";1;"byte[] serialized;
try (ByteArrayOutputStream out = new ByteArrayOutputStream();
     TransactionOutputStream tos = new TransactionOutputStream(out)) {
    tos.writeAmount(amountInCents);
    tos.flush();
    serialized = out.toByteArray();
}

long result;
try (ByteArrayInputStream bin = new ByteArrayInputStream(serialized);
     TransactionInputStream tis = new TransactionInputStream(bin)) {
    result = tis.readAmount();
}

assertEquals(amountInCents, result);";"ByteArrayOutputStream out = new ByteArrayOutputStream();
try (TransactionOutputStream tos = new TransactionOutputStream(out)) {
    tos.writeAmount(amountInCents);
}

byte[] serialized = out.toByteArray();

ByteArrayInputStream bin = new ByteArrayInputStream(serialized);
try (TransactionInputStream tis = new TransactionInputStream(bin)) {
    long result = tis.readAmount();
    assertEquals(amountInCents, result);
}";"byte[] serialized;
try (ByteArrayOutputStream out = new ByteArrayOutputStream();
     TransactionOutputStream tos = new TransactionOutputStream(out)) {
    tos.writeAmount(amountInCents);
    serialized = out.toByteArray();
}

long result;
try (ByteArrayInputStream bin = new ByteArrayInputStream(serialized);
     TransactionInputStream tis = new TransactionInputStream(bin)) {
    result = tis.readAmount();
}

assertEquals(amountInCents, result);";1;1;1
Case_221_ChatSecure_SINTETICO_5_BUG;App de Navegação;java.io.FilterInputStream;"ByteArrayOutputStream out = new ByteArrayOutputStream();
RouteOutputStream ros = new RouteOutputStream(out);
ros.writeDistance(distanceMeters);

byte[] routeBytes = out.toByteArray();

ByteArrayInputStream bin = new ByteArrayInputStream(routeBytes);
RouteInputStream ris = new RouteInputStream(bin);
double result = ris.readDistance();

assertEquals(distanceMeters, result, 0.0001);";1;"byte[] routeBytes;
try (ByteArrayOutputStream out = new ByteArrayOutputStream();
     RouteOutputStream ros = new RouteOutputStream(out)) {
    ros.writeDistance(distanceMeters);
    ros.flush();
    routeBytes = out.toByteArray();
}

double result;
try (ByteArrayInputStream bin = new ByteArrayInputStream(routeBytes);
     RouteInputStream ris = new RouteInputStream(bin)) {
    result = ris.readDistance();
}

assertEquals(distanceMeters, result, 0.0001);";"ByteArrayOutputStream out = new ByteArrayOutputStream();
try (RouteOutputStream ros = new RouteOutputStream(out)) {
    ros.writeDistance(distanceMeters);
}

byte[] routeBytes = out.toByteArray();

ByteArrayInputStream bin = new ByteArrayInputStream(routeBytes);
try (RouteInputStream ris = new RouteInputStream(bin)) {
    double result = ris.readDistance();
    assertEquals(distanceMeters, result, 0.0001);
}";"byte[] routeBytes;
try (ByteArrayOutputStream out = new ByteArrayOutputStream();
     RouteOutputStream ros = new RouteOutputStream(out)) {
    ros.writeDistance(distanceMeters);
    routeBytes = out.toByteArray();
}

double result;
try (ByteArrayInputStream bin = new ByteArrayInputStream(routeBytes);
     RouteInputStream ris = new RouteInputStream(bin)) {
    result = ris.readDistance();
}

assertEquals(distanceMeters, result, 0.0001);";1;1;1
Case_221_ChatSecure_SINTETICO_6_BUG;App de Chat;java.io.FilterInputStream;"ByteArrayOutputStream out = new ByteArrayOutputStream();
MessageOutputStream mos = new MessageOutputStream(out);
mos.writeMessageLength(messageLength);

byte[] data = out.toByteArray();

ByteArrayInputStream bin = new ByteArrayInputStream(data);
MessageInputStream mis = new MessageInputStream(bin);
int result = mis.readMessageLength();

assertEquals(messageLength, result);";1;"byte[] data;
try (ByteArrayOutputStream out = new ByteArrayOutputStream();
     MessageOutputStream mos = new MessageOutputStream(out)) {
    mos.writeMessageLength(messageLength);
    mos.flush();
    data = out.toByteArray();
}

int result;
try (ByteArrayInputStream bin = new ByteArrayInputStream(data);
     MessageInputStream mis = new MessageInputStream(bin)) {
    result = mis.readMessageLength();
}

assertEquals(messageLength, result);";"ByteArrayOutputStream out = new ByteArrayOutputStream();
try (MessageOutputStream mos = new MessageOutputStream(out)) {
    mos.writeMessageLength(messageLength);
}

byte[] data = out.toByteArray();

ByteArrayInputStream bin = new ByteArrayInputStream(data);
try (MessageInputStream mis = new MessageInputStream(bin)) {
    int result = mis.readMessageLength();
    assertEquals(messageLength, result);
}";"byte[] data;
try (ByteArrayOutputStream out = new ByteArrayOutputStream();
     MessageOutputStream mos = new MessageOutputStream(out)) {
    mos.writeMessageLength(messageLength);
    data = out.toByteArray();
}

int result;
try (ByteArrayInputStream bin = new ByteArrayInputStream(data);
     MessageInputStream mis = new MessageInputStream(bin)) {
    result = mis.readMessageLength();
}

assertEquals(messageLength, result);";1;1;1
Case_221_ChatSecure_SINTETICO_7_BUG;App de Saúde;java.io.FilterInputStream;"ByteArrayOutputStream out = new ByteArrayOutputStream();
VitalsOutputStream vos = new VitalsOutputStream(out);
vos.writeOxygenSaturation(spo2);

byte[] buffer = out.toByteArray();

ByteArrayInputStream bin = new ByteArrayInputStream(buffer);
VitalsInputStream vis = new VitalsInputStream(bin);
int result = vis.readOxygenSaturation();

assertEquals(spo2, result);";1;"byte[] buffer;
try (ByteArrayOutputStream out = new ByteArrayOutputStream();
     VitalsOutputStream vos = new VitalsOutputStream(out)) {
    vos.writeOxygenSaturation(spo2);
    vos.flush();
    buffer = out.toByteArray();
}

int result;
try (ByteArrayInputStream bin = new ByteArrayInputStream(buffer);
     VitalsInputStream vis = new VitalsInputStream(bin)) {
    result = vis.readOxygenSaturation();
}

assertEquals(spo2, result);";"ByteArrayOutputStream out = new ByteArrayOutputStream();
try (VitalsOutputStream vos = new VitalsOutputStream(out)) {
    vos.writeOxygenSaturation(spo2);
}

byte[] buffer = out.toByteArray();

ByteArrayInputStream bin = new ByteArrayInputStream(buffer);
try (VitalsInputStream vis = new VitalsInputStream(bin)) {
    int result = vis.readOxygenSaturation();
    assertEquals(spo2, result);
}";"byte[] buffer;
try (ByteArrayOutputStream out = new ByteArrayOutputStream();
     VitalsOutputStream vos = new VitalsOutputStream(out)) {
    vos.writeOxygenSaturation(spo2);
    buffer = out.toByteArray();
}

int result;
try (ByteArrayInputStream bin = new ByteArrayInputStream(buffer);
     VitalsInputStream vis = new VitalsInputStream(bin)) {
    result = vis.readOxygenSaturation();
}

assertEquals(spo2, result);";1;1;1
Case_221_ChatSecure_SINTETICO_8_BUG;App de E-commerce;java.io.FilterInputStream;"ByteArrayOutputStream out = new ByteArrayOutputStream();
CartOutputStream cos = new CartOutputStream(out);
cos.writeItemCount(itemCount);

byte[] snapshot = out.toByteArray();

ByteArrayInputStream bin = new ByteArrayInputStream(snapshot);
CartInputStream cis = new CartInputStream(bin);
int result = cis.readItemCount();

assertEquals(itemCount, result);";1;"byte[] snapshot;
try (ByteArrayOutputStream out = new ByteArrayOutputStream();
     CartOutputStream cos = new CartOutputStream(out)) {
    cos.writeItemCount(itemCount);
    cos.flush();
    snapshot = out.toByteArray();
}

int result;
try (ByteArrayInputStream bin = new ByteArrayInputStream(snapshot);
     CartInputStream cis = new CartInputStream(bin)) {
    result = cis.readItemCount();
}

assertEquals(itemCount, result);";"try (ByteArrayOutputStream out = new ByteArrayOutputStream();
     CartOutputStream cos = new CartOutputStream(out)) {
    cos.writeItemCount(itemCount);

    byte[] snapshot = out.toByteArray();

    try (ByteArrayInputStream bin = new ByteArrayInputStream(snapshot);
         CartInputStream cis = new CartInputStream(bin)) {
        int result = cis.readItemCount();

        assertEquals(itemCount, result);
    }
}";"try (ByteArrayOutputStream out = new ByteArrayOutputStream();
     CartOutputStream cos = new CartOutputStream(out)) {
    cos.writeItemCount(itemCount);

    byte[] snapshot = out.toByteArray();

    try (ByteArrayInputStream bin = new ByteArrayInputStream(snapshot);
         CartInputStream cis = new CartInputStream(bin)) {
        int result = cis.readItemCount();
        assertEquals(itemCount, result);
    }
}";1;1;1
Case_221_ChatSecure_SINTETICO_9_BUG;App de Educação;java.io.FilterInputStream;"ByteArrayOutputStream out = new ByteArrayOutputStream();
QuizOutputStream qos = new QuizOutputStream(out);
qos.writeScore(score);

byte[] quizBytes = out.toByteArray();

ByteArrayInputStream bin = new ByteArrayInputStream(quizBytes);
QuizInputStream qis = new QuizInputStream(bin);
int result = qis.readScore();

assertEquals(score, result);";1;"byte[] quizBytes;
try (ByteArrayOutputStream out = new ByteArrayOutputStream();
     QuizOutputStream qos = new QuizOutputStream(out)) {
    qos.writeScore(score);
    qos.flush();
    quizBytes = out.toByteArray();
}

int result;
try (ByteArrayInputStream bin = new ByteArrayInputStream(quizBytes);
     QuizInputStream qis = new QuizInputStream(bin)) {
    result = qis.readScore();
}

assertEquals(score, result);";"ByteArrayOutputStream out = new ByteArrayOutputStream();
try (QuizOutputStream qos = new QuizOutputStream(out)) {
    qos.writeScore(score);
}

byte[] quizBytes = out.toByteArray();

ByteArrayInputStream bin = new ByteArrayInputStream(quizBytes);
try (QuizInputStream qis = new QuizInputStream(bin)) {
    int result = qis.readScore();
    assertEquals(score, result);
}";"byte[] quizBytes;
try (ByteArrayOutputStream out = new ByteArrayOutputStream();
     QuizOutputStream qos = new QuizOutputStream(out)) {
    qos.writeScore(score);
    quizBytes = out.toByteArray();
}

int result;
try (ByteArrayInputStream bin = new ByteArrayInputStream(quizBytes);
     QuizInputStream qis = new QuizInputStream(bin)) {
    result = qis.readScore();
}

assertEquals(score, result);";1;1;1
Case_221_ChatSecure_SINTETICO_10_BUG;App de Meteorologia;java.io.FilterInputStream;"ByteArrayOutputStream out = new ByteArrayOutputStream();
WeatherOutputStream wos = new WeatherOutputStream(out);
wos.writeHumidity(humidity);

byte[] weatherData = out.toByteArray();

ByteArrayInputStream bin = new ByteArrayInputStream(weatherData);
WeatherInputStream wis = new WeatherInputStream(bin);
int result = wis.readHumidity();

assertEquals(humidity, result);";1;"byte[] weatherData;
try (ByteArrayOutputStream out = new ByteArrayOutputStream();
     WeatherOutputStream wos = new WeatherOutputStream(out)) {
    wos.writeHumidity(humidity);
    wos.flush();
    weatherData = out.toByteArray();
}

int result;
try (ByteArrayInputStream bin = new ByteArrayInputStream(weatherData);
     WeatherInputStream wis = new WeatherInputStream(bin)) {
    result = wis.readHumidity();
}

assertEquals(humidity, result);";"ByteArrayOutputStream out = new ByteArrayOutputStream();
try (WeatherOutputStream wos = new WeatherOutputStream(out)) {
    wos.writeHumidity(humidity);
}

byte[] weatherData = out.toByteArray();

ByteArrayInputStream bin = new ByteArrayInputStream(weatherData);
try (WeatherInputStream wis = new WeatherInputStream(bin)) {
    int result = wis.readHumidity();
    assertEquals(humidity, result);
}";"byte[] weatherData;
try (ByteArrayOutputStream out = new ByteArrayOutputStream()) {
    try (WeatherOutputStream wos = new WeatherOutputStream(out)) {
        wos.writeHumidity(humidity);
    }
    weatherData = out.toByteArray();
}

int result;
try (ByteArrayInputStream bin = new ByteArrayInputStream(weatherData);
     WeatherInputStream wis = new WeatherInputStream(bin)) {
    result = wis.readHumidity();
}

assertEquals(humidity, result);";1;1;1
Case_222_ChatSecure_SINTETICO_1_BUG;App de Música;java.io.FilterInputStream;"ByteArrayOutputStream out = new ByteArrayOutputStream();
AudioMetadataOutputStream aos = new AudioMetadataOutputStream(out);
aos.writeTrackInfo(track);

byte[] converted = out.toByteArray();

ByteArrayInputStream bin = new ByteArrayInputStream(converted);
AudioMetadataInputStream ais = new AudioMetadataInputStream(bin);
TrackInfo result = ais.readTrackInfo();

assertEquals(track.getId(), result.getId());";1;"byte[] converted;
try (ByteArrayOutputStream out = new ByteArrayOutputStream();
     AudioMetadataOutputStream aos = new AudioMetadataOutputStream(out)) {
    aos.writeTrackInfo(track);
    aos.flush();
    converted = out.toByteArray();
}

TrackInfo result;
try (ByteArrayInputStream bin = new ByteArrayInputStream(converted);
     AudioMetadataInputStream ais = new AudioMetadataInputStream(bin)) {
    result = ais.readTrackInfo();
}

assertEquals(track.getId(), result.getId());";"ByteArrayOutputStream out = new ByteArrayOutputStream();
try (AudioMetadataOutputStream aos = new AudioMetadataOutputStream(out)) {
    aos.writeTrackInfo(track);
}

byte[] converted = out.toByteArray();

ByteArrayInputStream bin = new ByteArrayInputStream(converted);
try (AudioMetadataInputStream ais = new AudioMetadataInputStream(bin)) {
    TrackInfo result = ais.readTrackInfo();

    assertEquals(track.getId(), result.getId());
}";"byte[] converted;
try (ByteArrayOutputStream out = new ByteArrayOutputStream();
     AudioMetadataOutputStream aos = new AudioMetadataOutputStream(out)) {
    aos.writeTrackInfo(track);
    converted = out.toByteArray();
}

TrackInfo result;
try (ByteArrayInputStream bin = new ByteArrayInputStream(converted);
     AudioMetadataInputStream ais = new AudioMetadataInputStream(bin)) {
    result = ais.readTrackInfo();
}

assertEquals(track.getId(), result.getId());";1;1;1
Case_222_ChatSecure_SINTETICO_2_BUG;App de Scanner de Documentos;java.io.FilterInputStream;"ByteArrayOutputStream out = new ByteArrayOutputStream();
ScanResultOutputStream sos = new ScanResultOutputStream(out);
sos.writePageSummary(summary);

byte[] converted = out.toByteArray();

ByteArrayInputStream bin = new ByteArrayInputStream(converted);
ScanResultInputStream sis = new ScanResultInputStream(bin);
PageSummary result = sis.readPageSummary();

assertTrue(summary.getChecksum() == result.getChecksum());";1;"byte[] converted;
try (ByteArrayOutputStream out = new ByteArrayOutputStream();
     ScanResultOutputStream sos = new ScanResultOutputStream(out)) {
    sos.writePageSummary(summary);
    sos.flush();
    converted = out.toByteArray();
}

PageSummary result;
try (ByteArrayInputStream bin = new ByteArrayInputStream(converted);
     ScanResultInputStream sis = new ScanResultInputStream(bin)) {
    result = sis.readPageSummary();
}

assertTrue(summary.getChecksum() == result.getChecksum());";"ByteArrayOutputStream out = new ByteArrayOutputStream();
try (ScanResultOutputStream sos = new ScanResultOutputStream(out)) {
    sos.writePageSummary(summary);
}

byte[] converted = out.toByteArray();

ByteArrayInputStream bin = new ByteArrayInputStream(converted);
try (ScanResultInputStream sis = new ScanResultInputStream(bin)) {
    PageSummary result = sis.readPageSummary();
    assertTrue(summary.getChecksum() == result.getChecksum());
}";"byte[] converted;
try (ByteArrayOutputStream out = new ByteArrayOutputStream();
     ScanResultOutputStream sos = new ScanResultOutputStream(out)) {
    sos.writePageSummary(summary);
    converted = out.toByteArray();
}

try (ByteArrayInputStream bin = new ByteArrayInputStream(converted);
     ScanResultInputStream sis = new ScanResultInputStream(bin)) {
    PageSummary result = sis.readPageSummary();
    assertTrue(summary.getChecksum() == result.getChecksum());
}";1;1;1
Case_222_ChatSecure_SINTETICO_3_BUG;App de Fitness;java.io.FilterInputStream;"ByteArrayOutputStream out = new ByteArrayOutputStream();
WorkoutOutputStream wos = new WorkoutOutputStream(out);
wos.writeWorkoutPlan(plan);

byte[] converted = out.toByteArray();

ByteArrayInputStream bin = new ByteArrayInputStream(converted);
WorkoutInputStream wis = new WorkoutInputStream(bin);
WorkoutPlan result = wis.readWorkoutPlan();

assertEquals(plan.getCaloriesTarget(), result.getCaloriesTarget());";1;"byte[] converted;
try (ByteArrayOutputStream out = new ByteArrayOutputStream();
     WorkoutOutputStream wos = new WorkoutOutputStream(out)) {
    wos.writeWorkoutPlan(plan);
    wos.flush();
    converted = out.toByteArray();
}

WorkoutPlan result;
try (ByteArrayInputStream bin = new ByteArrayInputStream(converted);
     WorkoutInputStream wis = new WorkoutInputStream(bin)) {
    result = wis.readWorkoutPlan();
}

assertEquals(plan.getCaloriesTarget(), result.getCaloriesTarget());";"try (ByteArrayOutputStream out = new ByteArrayOutputStream();
     WorkoutOutputStream wos = new WorkoutOutputStream(out)) {
    wos.writeWorkoutPlan(plan);

    byte[] converted = out.toByteArray();

    try (ByteArrayInputStream bin = new ByteArrayInputStream(converted);
         WorkoutInputStream wis = new WorkoutInputStream(bin)) {
        WorkoutPlan result = wis.readWorkoutPlan();

        assertEquals(plan.getCaloriesTarget(), result.getCaloriesTarget());
    }
}";"ByteArrayOutputStream out = new ByteArrayOutputStream();
try (WorkoutOutputStream wos = new WorkoutOutputStream(out)) {
    wos.writeWorkoutPlan(plan);
}

byte[] converted = out.toByteArray();

WorkoutPlan result;
try (ByteArrayInputStream bin = new ByteArrayInputStream(converted);
     WorkoutInputStream wis = new WorkoutInputStream(bin)) {
    result = wis.readWorkoutPlan();
}

assertEquals(plan.getCaloriesTarget(), result.getCaloriesTarget());";1;1;1
Case_222_ChatSecure_SINTETICO_4_BUG;App de Pagamentos;java.io.FilterInputStream;"ByteArrayOutputStream out = new ByteArrayOutputStream();
TransactionOutputStream tos = new TransactionOutputStream(out);
tos.writeReceipt(receipt);

byte[] converted = out.toByteArray();

ByteArrayInputStream bin = new ByteArrayInputStream(converted);
TransactionInputStream tis = new TransactionInputStream(bin);
Receipt result = tis.readReceipt();

assertTrue(receipt.getTransactionId().equals(result.getTransactionId()));";1;"byte[] converted;
try (ByteArrayOutputStream out = new ByteArrayOutputStream();
     TransactionOutputStream tos = new TransactionOutputStream(out)) {
    tos.writeReceipt(receipt);
    tos.flush();
    converted = out.toByteArray();
}

Receipt result;
try (ByteArrayInputStream bin = new ByteArrayInputStream(converted);
     TransactionInputStream tis = new TransactionInputStream(bin)) {
    result = tis.readReceipt();
}

assertTrue(receipt.getTransactionId().equals(result.getTransactionId()));";"ByteArrayOutputStream out = new ByteArrayOutputStream();
try (TransactionOutputStream tos = new TransactionOutputStream(out)) {
    tos.writeReceipt(receipt);
}

byte[] converted = out.toByteArray();

ByteArrayInputStream bin = new ByteArrayInputStream(converted);
try (TransactionInputStream tis = new TransactionInputStream(bin)) {
    Receipt result = tis.readReceipt();
    assertTrue(receipt.getTransactionId().equals(result.getTransactionId()));
}";"ByteArrayOutputStream out = new ByteArrayOutputStream();
try (TransactionOutputStream tos = new TransactionOutputStream(out)) {
    tos.writeReceipt(receipt);
}

byte[] converted = out.toByteArray();

Receipt result;
try (ByteArrayInputStream bin = new ByteArrayInputStream(converted);
     TransactionInputStream tis = new TransactionInputStream(bin)) {
    result = tis.readReceipt();
}

assertTrue(receipt.getTransactionId().equals(result.getTransactionId()));";1;1;1
Case_222_ChatSecure_SINTETICO_5_BUG;App de Chat;java.io.FilterInputStream;"ByteArrayOutputStream out = new ByteArrayOutputStream();
MessageOutputStream mos = new MessageOutputStream(out);
mos.writeEncryptedMessage(message);

byte[] converted = out.toByteArray();

ByteArrayInputStream bin = new ByteArrayInputStream(converted);
MessageInputStream mis = new MessageInputStream(bin);
ChatMessage result = mis.readEncryptedMessage();

assertEquals(message.getTimestamp(), result.getTimestamp());";1;"byte[] converted;
try (ByteArrayOutputStream out = new ByteArrayOutputStream();
     MessageOutputStream mos = new MessageOutputStream(out)) {
    mos.writeEncryptedMessage(message);
    mos.flush();
    converted = out.toByteArray();
}

ChatMessage result;
try (ByteArrayInputStream bin = new ByteArrayInputStream(converted);
     MessageInputStream mis = new MessageInputStream(bin)) {
    result = mis.readEncryptedMessage();
}

assertEquals(message.getTimestamp(), result.getTimestamp());";"ByteArrayOutputStream out = new ByteArrayOutputStream();
try (MessageOutputStream mos = new MessageOutputStream(out)) {
    mos.writeEncryptedMessage(message);
}

byte[] converted = out.toByteArray();

ByteArrayInputStream bin = new ByteArrayInputStream(converted);
try (MessageInputStream mis = new MessageInputStream(bin)) {
    ChatMessage result = mis.readEncryptedMessage();

    assertEquals(message.getTimestamp(), result.getTimestamp());
}";"ByteArrayOutputStream out = new ByteArrayOutputStream();
try (MessageOutputStream mos = new MessageOutputStream(out)) {
    mos.writeEncryptedMessage(message);
}

byte[] converted = out.toByteArray();

try (ByteArrayInputStream bin = new ByteArrayInputStream(converted);
     MessageInputStream mis = new MessageInputStream(bin)) {
    ChatMessage result = mis.readEncryptedMessage();
    assertEquals(message.getTimestamp(), result.getTimestamp());
}";1;1;1
Case_222_ChatSecure_SINTETICO_6_BUG;App de Mapas e Navegação;java.io.FilterInputStream;"ByteArrayOutputStream out = new ByteArrayOutputStream();
RouteOutputStream ros = new RouteOutputStream(out);
ros.writeRoute(route);

byte[] converted = out.toByteArray();

ByteArrayInputStream bin = new ByteArrayInputStream(converted);
RouteInputStream ris = new RouteInputStream(bin);
Route result = ris.readRoute();

assertEquals(route.getDistanceMeters(), result.getDistanceMeters());";1;"byte[] converted;
try (ByteArrayOutputStream out = new ByteArrayOutputStream();
     RouteOutputStream ros = new RouteOutputStream(out)) {
    ros.writeRoute(route);
    converted = out.toByteArray();
}

Route result;
try (ByteArrayInputStream bin = new ByteArrayInputStream(converted);
     RouteInputStream ris = new RouteInputStream(bin)) {
    result = ris.readRoute();
}

assertEquals(route.getDistanceMeters(), result.getDistanceMeters());";"ByteArrayOutputStream out = new ByteArrayOutputStream();
try (RouteOutputStream ros = new RouteOutputStream(out)) {
    ros.writeRoute(route);
}

byte[] converted = out.toByteArray();

ByteArrayInputStream bin = new ByteArrayInputStream(converted);
try (RouteInputStream ris = new RouteInputStream(bin)) {
    Route result = ris.readRoute();
    assertEquals(route.getDistanceMeters(), result.getDistanceMeters());
}";"byte[] converted;
try (ByteArrayOutputStream out = new ByteArrayOutputStream();
     RouteOutputStream ros = new RouteOutputStream(out)) {
    ros.writeRoute(route);
    converted = out.toByteArray();
}

Route result;
try (ByteArrayInputStream bin = new ByteArrayInputStream(converted);
     RouteInputStream ris = new RouteInputStream(bin)) {
    result = ris.readRoute();
}

assertEquals(route.getDistanceMeters(), result.getDistanceMeters());";1;1;1
Case_222_ChatSecure_SINTETICO_7_BUG;App de Câmera;java.io.FilterInputStream;"ByteArrayOutputStream out = new ByteArrayOutputStream();
ImageSettingsOutputStream ios = new ImageSettingsOutputStream(out);
ios.writeCameraSettings(settings);

byte[] converted = out.toByteArray();

ByteArrayInputStream bin = new ByteArrayInputStream(converted);
ImageSettingsInputStream iis = new ImageSettingsInputStream(bin);
CameraSettings result = iis.readCameraSettings();

assertEquals(settings.getIso(), result.getIso());";1;"byte[] converted;
try (ByteArrayOutputStream out = new ByteArrayOutputStream();
     ImageSettingsOutputStream ios = new ImageSettingsOutputStream(out)) {
    ios.writeCameraSettings(settings);
    ios.flush();
    converted = out.toByteArray();
}

CameraSettings result;
try (ByteArrayInputStream bin = new ByteArrayInputStream(converted);
     ImageSettingsInputStream iis = new ImageSettingsInputStream(bin)) {
    result = iis.readCameraSettings();
}

assertEquals(settings.getIso(), result.getIso());";"ByteArrayOutputStream out = new ByteArrayOutputStream();
try (ImageSettingsOutputStream ios = new ImageSettingsOutputStream(out)) {
    ios.writeCameraSettings(settings);
}

byte[] converted = out.toByteArray();

ByteArrayInputStream bin = new ByteArrayInputStream(converted);
try (ImageSettingsInputStream iis = new ImageSettingsInputStream(bin)) {
    CameraSettings result = iis.readCameraSettings();
    assertEquals(settings.getIso(), result.getIso());
}";"try (ByteArrayOutputStream out = new ByteArrayOutputStream();
     ImageSettingsOutputStream ios = new ImageSettingsOutputStream(out)) {
    ios.writeCameraSettings(settings);

    byte[] converted = out.toByteArray();

    try (ByteArrayInputStream bin = new ByteArrayInputStream(converted);
         ImageSettingsInputStream iis = new ImageSettingsInputStream(bin)) {
        CameraSettings result = iis.readCameraSettings();

        assertEquals(settings.getIso(), result.getIso());
    }
}";1;1;1
Case_222_ChatSecure_SINTETICO_8_BUG;App de E-commerce;java.io.FilterInputStream;"ByteArrayOutputStream out = new ByteArrayOutputStream();
CartOutputStream cos = new CartOutputStream(out);
cos.writeCart(cart);

byte[] converted = out.toByteArray();

ByteArrayInputStream bin = new ByteArrayInputStream(converted);
CartInputStream cis = new CartInputStream(bin);
ShoppingCart result = cis.readCart();

assertEquals(cart.getItemCount(), result.getItemCount());";1;"byte[] converted;
try (ByteArrayOutputStream out = new ByteArrayOutputStream();
     CartOutputStream cos = new CartOutputStream(out)) {
    cos.writeCart(cart);
    cos.flush();
    converted = out.toByteArray();
}

ShoppingCart result;
try (ByteArrayInputStream bin = new ByteArrayInputStream(converted);
     CartInputStream cis = new CartInputStream(bin)) {
    result = cis.readCart();
}

assertEquals(cart.getItemCount(), result.getItemCount());";"try (ByteArrayOutputStream out = new ByteArrayOutputStream();
     CartOutputStream cos = new CartOutputStream(out)) {
    cos.writeCart(cart);

    byte[] converted = out.toByteArray();

    try (ByteArrayInputStream bin = new ByteArrayInputStream(converted);
         CartInputStream cis = new CartInputStream(bin)) {
        ShoppingCart result = cis.readCart();

        assertEquals(cart.getItemCount(), result.getItemCount());
    }
}";"byte[] converted;
try (ByteArrayOutputStream out = new ByteArrayOutputStream();
     CartOutputStream cos = new CartOutputStream(out)) {
    cos.writeCart(cart);
    converted = out.toByteArray();
}

ShoppingCart result;
try (ByteArrayInputStream bin = new ByteArrayInputStream(converted);
     CartInputStream cis = new CartInputStream(bin)) {
    result = cis.readCart();
}

assertEquals(cart.getItemCount(), result.getItemCount());";1;1;1
Case_222_ChatSecure_SINTETICO_9_BUG;App de Educação;java.io.FilterInputStream;"ByteArrayOutputStream out = new ByteArrayOutputStream();
LessonOutputStream los = new LessonOutputStream(out);
los.writeLessonProgress(progress);

byte[] converted = out.toByteArray();

ByteArrayInputStream bin = new ByteArrayInputStream(converted);
LessonInputStream lis = new LessonInputStream(bin);
LessonProgress result = lis.readLessonProgress();

assertTrue(progress.getCompletedUnits() == result.getCompletedUnits());";1;"byte[] converted;
try (ByteArrayOutputStream out = new ByteArrayOutputStream();
     LessonOutputStream los = new LessonOutputStream(out)) {
    los.writeLessonProgress(progress);
    los.flush();
    converted = out.toByteArray();
}

LessonProgress result;
try (ByteArrayInputStream bin = new ByteArrayInputStream(converted);
     LessonInputStream lis = new LessonInputStream(bin)) {
    result = lis.readLessonProgress();
}

assertTrue(progress.getCompletedUnits() == result.getCompletedUnits());";"try (ByteArrayOutputStream out = new ByteArrayOutputStream();
     LessonOutputStream los = new LessonOutputStream(out)) {
    los.writeLessonProgress(progress);

    byte[] converted = out.toByteArray();

    try (ByteArrayInputStream bin = new ByteArrayInputStream(converted);
         LessonInputStream lis = new LessonInputStream(bin)) {
        LessonProgress result = lis.readLessonProgress();

        assertTrue(progress.getCompletedUnits() == result.getCompletedUnits());
    }
}";"ByteArrayOutputStream out = new ByteArrayOutputStream();
try (LessonOutputStream los = new LessonOutputStream(out)) {
    los.writeLessonProgress(progress);
}

byte[] converted = out.toByteArray();

ByteArrayInputStream bin = new ByteArrayInputStream(converted);
LessonProgress result;
try (LessonInputStream lis = new LessonInputStream(bin)) {
    result = lis.readLessonProgress();
}

assertTrue(progress.getCompletedUnits() == result.getCompletedUnits());";1;1;1
Case_222_ChatSecure_SINTETICO_10_BUG;App de Saúde;java.io.FilterInputStream;"ByteArrayOutputStream out = new ByteArrayOutputStream();
HealthReportOutputStream hros = new HealthReportOutputStream(out);
hros.writeHealthReport(report);

byte[] converted = out.toByteArray();

ByteArrayInputStream bin = new ByteArrayInputStream(converted);
HealthReportInputStream hris = new HealthReportInputStream(bin);
HealthReport result = hris.readHealthReport();

assertEquals(report.getHeartRate(), result.getHeartRate());";1;"byte[] converted;
try (ByteArrayOutputStream out = new ByteArrayOutputStream();
     HealthReportOutputStream hros = new HealthReportOutputStream(out)) {
    hros.writeHealthReport(report);
    hros.flush();
    converted = out.toByteArray();
}

HealthReport result;
try (ByteArrayInputStream bin = new ByteArrayInputStream(converted);
     HealthReportInputStream hris = new HealthReportInputStream(bin)) {
    result = hris.readHealthReport();
}

assertEquals(report.getHeartRate(), result.getHeartRate());";"ByteArrayOutputStream out = new ByteArrayOutputStream();
try (HealthReportOutputStream hros = new HealthReportOutputStream(out)) {
    hros.writeHealthReport(report);
}

byte[] converted = out.toByteArray();

ByteArrayInputStream bin = new ByteArrayInputStream(converted);
try (HealthReportInputStream hris = new HealthReportInputStream(bin)) {
    HealthReport result = hris.readHealthReport();
    assertEquals(report.getHeartRate(), result.getHeartRate());
}";"byte[] converted;
try (ByteArrayOutputStream out = new ByteArrayOutputStream();
     HealthReportOutputStream hros = new HealthReportOutputStream(out)) {
    hros.writeHealthReport(report);
    converted = out.toByteArray();
}

HealthReport result;
try (ByteArrayInputStream bin = new ByteArrayInputStream(converted);
     HealthReportInputStream hris = new HealthReportInputStream(bin)) {
    result = hris.readHealthReport();
}

assertEquals(report.getHeartRate(), result.getHeartRate());";1;1;1
Case_227_ChatSecure_SINTETICO_1_BUG;App de Musica;java.io.FilterOutputStream;"try {
    audioOut.write(buffer);
    audioOut.flush();
} catch (IOException e) {
    throw new RuntimeException(""Falha ao exportar faixa"", e);
}";1;"try {
    audioOut.write(buffer);
    audioOut.flush();
} catch (IOException e) {
    throw new RuntimeException(""Falha ao exportar faixa"", e);
} finally {
    if (audioOut != null) {
        try {
            audioOut.close();
        } catch (IOException e) {
            throw new RuntimeException(""Falha ao fechar recurso de saída de áudio"", e);
        }
    }
}";"try {
    audioOut.write(buffer);
    audioOut.flush();
} catch (IOException e) {
    throw new RuntimeException(""Falha ao exportar faixa"", e);
} finally {
    try {
        audioOut.close();
    } catch (IOException e) {
        throw new RuntimeException(""Falha ao fechar recurso"", e);
    }
}";"try (audioOut) {
    audioOut.write(buffer);
    audioOut.flush();
} catch (IOException e) {
    throw new RuntimeException(""Falha ao exportar faixa"", e);
}";0;0;1
Case_227_ChatSecure_SINTETICO_2_BUG;App de Scanner de Documentos;java.io.FilterOutputStream;"try {
    pdfStream.write(pageBytes);
    pdfStream.write(metadataBytes);
} catch (IOException e) {
    throw new IllegalStateException(""Erro ao gerar PDF"", e);
}";1;"try (java.io.ByteArrayOutputStream stream = pdfStream) {
    stream.write(pageBytes);
    stream.write(metadataBytes);
} catch (IOException e) {
    throw new IllegalStateException(""Erro ao gerar PDF"", e);
}";"try {
    pdfStream.write(pageBytes);
    pdfStream.write(metadataBytes);
} catch (IOException e) {
    throw new IllegalStateException(""Erro ao gerar PDF"", e);
} finally {
    try {
        pdfStream.close();
    } catch (IOException e) {
        throw new IllegalStateException(""Erro ao fechar stream do PDF"", e);
    }
}";"try (pdfStream) {
    pdfStream.write(pageBytes);
    pdfStream.write(metadataBytes);
} catch (IOException e) {
    throw new IllegalStateException(""Erro ao gerar PDF"", e);
}";1;0;1
Case_227_ChatSecure_SINTETICO_3_BUG;App de Fitness;java.io.FilterOutputStream;"try {
    statsStream.writeInt(workoutCount);
    statsStream.writeLong(totalCalories);
} catch (IOException e) {
    throw new RuntimeException(""Erro ao gravar estatísticas"", e);
}";1;"try {
    statsStream.writeInt(workoutCount);
    statsStream.writeLong(totalCalories);
} catch (IOException e) {
    throw new RuntimeException(""Erro ao gravar estatísticas"", e);
} finally {
    if (statsStream != null) {
        try {
            statsStream.close();
        } catch (IOException e) {
            throw new RuntimeException(""Erro ao fechar stream de estatísticas"", e);
        }
    }
}";"ObjectOutputStream statsStream = null;
try {
    statsStream = new ObjectOutputStream(new FileOutputStream(""stats.dat""));
    statsStream.writeInt(workoutCount);
    statsStream.writeLong(totalCalories);
} catch (IOException e) {
    throw new RuntimeException(""Erro ao gravar estatísticas"", e);
} finally {
    if (statsStream != null) {
        try {
            statsStream.close();
        } catch (IOException e) {
            throw new RuntimeException(""Erro ao fechar stream de estatísticas"", e);
        }
    }
}";"try (statsStream) {
    statsStream.writeInt(workoutCount);
    statsStream.writeLong(totalCalories);
} catch (IOException e) {
    throw new RuntimeException(""Erro ao gravar estatísticas"", e);
}";0;0;1
Case_227_ChatSecure_SINTETICO_4_BUG;App de Chat;java.io.FilterOutputStream;"try {
    messageStream.write(payload);
    messageStream.flush();
} catch (IOException e) {
    Log.e(""Chat"", ""Erro ao enviar mensagem"", e);
}";1;"try (OutputStream stream = messageStream) {
    stream.write(payload);
    stream.flush();
} catch (IOException e) {
    Log.e(""Chat"", ""Erro ao enviar mensagem"", e);
}";"try {
    messageStream.write(payload);
    messageStream.flush();
} catch (IOException e) {
    Log.e(""Chat"", ""Erro ao enviar mensagem"", e);
} finally {
    try {
        if (messageStream != null) {
            messageStream.close();
        }
    } catch (IOException e) {
        Log.e(""Chat"", ""Erro ao fechar stream"", e);
    }
}";"try {
    messageStream.write(payload);
    messageStream.flush();
} catch (IOException e) {
    Log.e(""Chat"", ""Erro ao enviar mensagem"", e);
} finally {
    if (messageStream != null) {
        try {
            messageStream.close();
        } catch (IOException e) {
            Log.e(""Chat"", ""Erro ao fechar stream"", e);
        }
    }
}";1;0;0
Case_227_ChatSecure_SINTETICO_5_BUG;App de E-commerce;java.io.FilterOutputStream;"try {
    receiptStream.write(orderHeader);
    receiptStream.write(orderItems);
} catch (IOException e) {
    throw new PaymentException(""Falha ao gerar recibo"", e);
}";1;"try (ByteArrayOutputStream stream = receiptStream) {
    stream.write(orderHeader);
    stream.write(orderItems);
} catch (IOException e) {
    throw new PaymentException(""Falha ao gerar recibo"", e);
}";"try {
    receiptStream.write(orderHeader);
    receiptStream.write(orderItems);
} catch (IOException e) {
    throw new PaymentException(""Falha ao gerar recibo"", e);
} finally {
    if (receiptStream != null) {
        try {
            receiptStream.close();
        } catch (IOException e) {
            throw new PaymentException(""Falha ao fechar stream do recibo"", e);
        }
    }
}";"try (receiptStream) {
    receiptStream.write(orderHeader);
    receiptStream.write(orderItems);
} catch (IOException e) {
    throw new PaymentException(""Falha ao gerar recibo"", e);
}";1;0;1
Case_227_ChatSecure_SINTETICO_6_BUG;App de Navegação;java.io.FilterOutputStream;"try {
    routeStream.write(routeBytes);
    routeStream.write(checksumBytes);
} catch (IOException e) {
    throw new NavigationException(""Erro ao salvar rota"", e);
}";1;"try (OutputStream stream = routeStream) {
    stream.write(routeBytes);
    stream.write(checksumBytes);
} catch (IOException e) {
    throw new NavigationException(""Erro ao salvar rota"", e);
}";"try {
    routeStream.write(routeBytes);
    routeStream.write(checksumBytes);
} catch (IOException e) {
    throw new NavigationException(""Erro ao salvar rota"", e);
} finally {
    if (routeStream != null) {
        try {
            routeStream.close();
        } catch (IOException e) {
            throw new NavigationException(""Erro ao fechar stream de rota"", e);
        }
    }
}";"try (routeStream) {
    routeStream.write(routeBytes);
    routeStream.write(checksumBytes);
} catch (IOException e) {
    throw new NavigationException(""Erro ao salvar rota"", e);
}";1;0;1
Case_227_ChatSecure_SINTETICO_7_BUG;App de Jogos;java.io.FilterOutputStream;"try {
    saveStream.writeInt(level);
    saveStream.write(saveData);
} catch (IOException e) {
    throw new RuntimeException(""Falha ao salvar progresso"", e);
}";1;"try {
    saveStream.writeInt(level);
    saveStream.write(saveData);
} catch (IOException e) {
    throw new RuntimeException(""Falha ao salvar progresso"", e);
} finally {
    if (saveStream != null) {
        try {
            saveStream.close();
        } catch (IOException e) {
            throw new RuntimeException(""Falha ao fechar o stream"", e);
        }
    }
}";"try {
    saveStream.writeInt(level);
    saveStream.write(saveData);
} catch (IOException e) {
    throw new RuntimeException(""Falha ao salvar progresso"", e);
} finally {
    if (saveStream != null) {
        try {
            saveStream.close();
        } catch (IOException e) {
            // log or ignore close exception
        }
    }
}";"try (saveStream) {
    saveStream.writeInt(level);
    saveStream.write(saveData);
} catch (IOException e) {
    throw new RuntimeException(""Falha ao salvar progresso"", e);
}";0;0;1
Case_227_ChatSecure_SINTETICO_8_BUG;App de Fotos;java.io.FilterOutputStream;"try {
    imageStream.write(compressedImage);
    imageStream.write(exifData);
} catch (IOException e) {
    throw new RuntimeException(""Erro ao exportar imagem"", e);
}";1;"try (java.io.ByteArrayOutputStream imageStream = new java.io.ByteArrayOutputStream()) {
    imageStream.write(compressedImage);
    imageStream.write(exifData);
} catch (IOException e) {
    throw new RuntimeException(""Erro ao exportar imagem"", e);
}";"try {
    imageStream.write(compressedImage);
    imageStream.write(exifData);
} catch (IOException e) {
    throw new RuntimeException(""Erro ao exportar imagem"", e);
} finally {
    try {
        imageStream.close();
    } catch (IOException e) {
        throw new RuntimeException(""Erro ao fechar stream da imagem"", e);
    }
}";"try (imageStream) {
    imageStream.write(compressedImage);
    imageStream.write(exifData);
} catch (IOException e) {
    throw new RuntimeException(""Erro ao exportar imagem"", e);
}";1;0;1
Case_227_ChatSecure_SINTETICO_9_BUG;App de Educação;java.io.FilterOutputStream;"try {
    lessonStream.write(lessonBytes);
    lessonStream.write(quizBytes);
} catch (IOException e) {
    throw new IllegalArgumentException(""Erro ao guardar lição"", e);
}";1;"try {
    lessonStream.write(lessonBytes);
    lessonStream.write(quizBytes);
} catch (IOException e) {
    throw new IllegalArgumentException(""Erro ao guardar lição"", e);
} finally {
    if (lessonStream != null) {
        try {
            lessonStream.close();
        } catch (IOException e) {
            throw new IllegalArgumentException(""Erro ao fechar stream da lição"", e);
        }
    }
}";"try {
    lessonStream.write(lessonBytes);
    lessonStream.write(quizBytes);
} catch (IOException e) {
    throw new IllegalArgumentException(""Erro ao guardar lição"", e);
} finally {
    lessonStream.close();
}";"try (lessonStream) {
    lessonStream.write(lessonBytes);
    lessonStream.write(quizBytes);
} catch (IOException e) {
    throw new IllegalArgumentException(""Erro ao guardar lição"", e);
}";0;0;1
Case_227_ChatSecure_SINTETICO_10_BUG;App de Saúde;java.io.FilterOutputStream;"try {
    reportStream.write(reportHeader);
    reportStream.write(reportBody);
} catch (IOException e) {
    throw new RuntimeException(""Falha ao exportar relatório"", e);
}";1;"try (java.io.ByteArrayOutputStream autoClose = reportStream) {
    autoClose.write(reportHeader);
    autoClose.write(reportBody);
} catch (IOException e) {
    throw new RuntimeException(""Falha ao exportar relatório"", e);
}";"try {
    reportStream.write(reportHeader);
    reportStream.write(reportBody);
} catch (IOException e) {
    throw new RuntimeException(""Falha ao exportar relatório"", e);
} finally {
    if (reportStream != null) {
        try {
            reportStream.close();
        } catch (IOException e) {
            throw new RuntimeException(""Falha ao fechar stream do relatório"", e);
        }
    }
}";"try (reportStream) {
    reportStream.write(reportHeader);
    reportStream.write(reportBody);
} catch (IOException e) {
    throw new RuntimeException(""Falha ao exportar relatório"", e);
}";1;0;1
Case_230_ChatSecure_SINTETICO_1_BUG;App de Musica;java.io.FilterOutputStream;"ByteArrayOutputStream out = new ByteArrayOutputStream();
        FilterOutputStream fos = new FilterOutputStream(out);
        fos.write(trackHeader);

        byte[] encoded = out.toByteArray();

        ByteArrayInputStream bin = new ByteArrayInputStream(encoded);
        FilterInputStream fis = new FilterInputStream(bin);
        int version = fis.read();

        assertEquals(trackHeader, version);";1;"byte[] encoded;
try (ByteArrayOutputStream out = new ByteArrayOutputStream();
     FilterOutputStream fos = new FilterOutputStream(out)) {
    fos.write(trackHeader);
    fos.flush();
    encoded = out.toByteArray();
}

int version;
try (ByteArrayInputStream bin = new ByteArrayInputStream(encoded);
     FilterInputStream fis = new FilterInputStream(bin)) {
    version = fis.read();
}

assertEquals(trackHeader, version);";"ByteArrayOutputStream out = new ByteArrayOutputStream();
try (FilterOutputStream fos = new FilterOutputStream(out)) {
    fos.write(trackHeader);
}

byte[] encoded = out.toByteArray();

ByteArrayInputStream bin = new ByteArrayInputStream(encoded);
try (FilterInputStream fis = new FilterInputStream(bin) {}) {
    int version = fis.read();
    assertEquals(trackHeader, version);
}";"byte[] encoded;
try (ByteArrayOutputStream out = new ByteArrayOutputStream();
     FilterOutputStream fos = new FilterOutputStream(out)) {
    fos.write(trackHeader);
    encoded = out.toByteArray();
}

int version;
try (ByteArrayInputStream bin = new ByteArrayInputStream(encoded);
     FilterInputStream fis = new FilterInputStream(bin)) {
    version = fis.read();
}

assertEquals(trackHeader, version);";1;1;1
Case_230_ChatSecure_SINTETICO_2_BUG;App de Scanner de Documentos;java.io.FilterOutputStream;"ByteArrayOutputStream out = new ByteArrayOutputStream();
        FilterOutputStream stream = new FilterOutputStream(out);
        stream.write(pageBytes);

        byte[] snapshot = out.toByteArray();

        ByteArrayInputStream bin = new ByteArrayInputStream(snapshot);
        FilterInputStream in = new FilterInputStream(bin);
        int firstByte = in.read();

        assertTrue(firstByte >= 0);";1;"byte[] snapshot;
try (ByteArrayOutputStream out = new ByteArrayOutputStream();
     FilterOutputStream stream = new FilterOutputStream(out)) {
    stream.write(pageBytes);
    stream.flush();
    snapshot = out.toByteArray();
}

int firstByte;
try (ByteArrayInputStream bin = new ByteArrayInputStream(snapshot);
     FilterInputStream in = new FilterInputStream(bin)) {
    firstByte = in.read();
}

assertTrue(firstByte >= 0);";"try (ByteArrayOutputStream out = new ByteArrayOutputStream();
             FilterOutputStream stream = new FilterOutputStream(out)) {
            stream.write(pageBytes);
            stream.flush();

            byte[] snapshot = out.toByteArray();

            try (ByteArrayInputStream bin = new ByteArrayInputStream(snapshot);
                 FilterInputStream in = new FilterInputStream(bin)) {
                int firstByte = in.read();

                assertTrue(firstByte >= 0);
            }
        }";"byte[] snapshot;
try (ByteArrayOutputStream out = new ByteArrayOutputStream();
     FilterOutputStream stream = new FilterOutputStream(out)) {
    stream.write(pageBytes);
    snapshot = out.toByteArray();
}

try (ByteArrayInputStream bin = new ByteArrayInputStream(snapshot);
     FilterInputStream in = new FilterInputStream(bin)) {
    int firstByte = in.read();
    assertTrue(firstByte >= 0);
}";1;1;1
Case_230_ChatSecure_SINTETICO_3_BUG;App de Fitness;java.io.FilterOutputStream;"ByteArrayOutputStream out = new ByteArrayOutputStream();
        FilterOutputStream fos = new FilterOutputStream(out);
        fos.write(activityPayload);

        byte[] serialized = out.toByteArray();

        ByteArrayInputStream bin = new ByteArrayInputStream(serialized);
        FilterInputStream fis = new FilterInputStream(bin);
        int checksum = fis.read();

        assertEquals(expectedChecksum, checksum);";1;"byte[] serialized;
try (ByteArrayOutputStream out = new ByteArrayOutputStream();
     FilterOutputStream fos = new FilterOutputStream(out)) {
    fos.write(activityPayload);
    fos.flush();
    serialized = out.toByteArray();
}

int checksum;
try (ByteArrayInputStream bin = new ByteArrayInputStream(serialized);
     FilterInputStream fis = new FilterInputStream(bin)) {
    checksum = fis.read();
}

assertEquals(expectedChecksum, checksum);";"ByteArrayOutputStream out = new ByteArrayOutputStream();
try (FilterOutputStream fos = new FilterOutputStream(out)) {
    fos.write(activityPayload);
}

byte[] serialized = out.toByteArray();

ByteArrayInputStream bin = new ByteArrayInputStream(serialized);
try (FilterInputStream fis = new FilterInputStream(bin) {}) {
    int checksum = fis.read();
    assertEquals(expectedChecksum, checksum);
}";"try (ByteArrayOutputStream out = new ByteArrayOutputStream();
     FilterOutputStream fos = new FilterOutputStream(out)) {
    fos.write(activityPayload);

    byte[] serialized = out.toByteArray();

    try (ByteArrayInputStream bin = new ByteArrayInputStream(serialized);
         FilterInputStream fis = new FilterInputStream(bin)) {
        int checksum = fis.read();

        assertEquals(expectedChecksum, checksum);
    }
}";1;1;1
Case_230_ChatSecure_SINTETICO_4_BUG;App de Compras;java.io.FilterOutputStream;"ByteArrayOutputStream out = new ByteArrayOutputStream();
        FilterOutputStream orderStream = new FilterOutputStream(out);
        orderStream.write(orderBytes);

        byte[] packedOrder = out.toByteArray();

        ByteArrayInputStream bin = new ByteArrayInputStream(packedOrder);
        FilterInputStream input = new FilterInputStream(bin);
        int flag = input.read();

        assertEquals(1, flag);";1;"byte[] packedOrder;
try (ByteArrayOutputStream out = new ByteArrayOutputStream();
     FilterOutputStream orderStream = new FilterOutputStream(out)) {
    orderStream.write(orderBytes);
    orderStream.flush();
    packedOrder = out.toByteArray();
}

int flag;
try (ByteArrayInputStream bin = new ByteArrayInputStream(packedOrder);
     FilterInputStream input = new FilterInputStream(bin)) {
    flag = input.read();
}

assertEquals(1, flag);";"ByteArrayOutputStream out = new ByteArrayOutputStream();
try (FilterOutputStream orderStream = new FilterOutputStream(out)) {
    orderStream.write(orderBytes);
}

byte[] packedOrder = out.toByteArray();

ByteArrayInputStream bin = new ByteArrayInputStream(packedOrder);
try (FilterInputStream input = new FilterInputStream(bin) {}) {
    int flag = input.read();

    assertEquals(1, flag);
}";"try (ByteArrayOutputStream out = new ByteArrayOutputStream();
     FilterOutputStream orderStream = new FilterOutputStream(out)) {
    orderStream.write(orderBytes);

    byte[] packedOrder = out.toByteArray();

    try (ByteArrayInputStream bin = new ByteArrayInputStream(packedOrder);
         FilterInputStream input = new FilterInputStream(bin)) {
        int flag = input.read();

        assertEquals(1, flag);
    }
}";1;1;1
Case_230_ChatSecure_SINTETICO_5_BUG;App de Mensagens;java.io.FilterOutputStream;"ByteArrayOutputStream out = new ByteArrayOutputStream();
        FilterOutputStream writer = new FilterOutputStream(out);
        writer.write(messageBody);

        byte[] payload = out.toByteArray();

        ByteArrayInputStream bin = new ByteArrayInputStream(payload);
        FilterInputStream reader = new FilterInputStream(bin);
        int size = reader.read();

        assertTrue(size > 0);";1;"byte[] payload;
try (ByteArrayOutputStream out = new ByteArrayOutputStream();
     FilterOutputStream writer = new FilterOutputStream(out)) {
    writer.write(messageBody);
    writer.flush();
    payload = out.toByteArray();
}

try (ByteArrayInputStream bin = new ByteArrayInputStream(payload);
     FilterInputStream reader = new FilterInputStream(bin)) {
    int size = reader.read();
    assertTrue(size > 0);
}";"ByteArrayOutputStream out = new ByteArrayOutputStream();
try (FilterOutputStream writer = new FilterOutputStream(out)) {
    writer.write(messageBody);
}

byte[] payload = out.toByteArray();

ByteArrayInputStream bin = new ByteArrayInputStream(payload);
try (FilterInputStream reader = new FilterInputStream(bin) {}) {
    int size = reader.read();
    assertTrue(size > 0);
}";"byte[] payload;
try (ByteArrayOutputStream out = new ByteArrayOutputStream();
     FilterOutputStream writer = new FilterOutputStream(out)) {
    writer.write(messageBody);
    payload = out.toByteArray();
}

int size;
try (ByteArrayInputStream bin = new ByteArrayInputStream(payload);
     FilterInputStream reader = new FilterInputStream(bin)) {
    size = reader.read();
}

assertTrue(size > 0);";1;1;1
Case_230_ChatSecure_SINTETICO_6_BUG;App de Mapas;java.io.FilterOutputStream;"ByteArrayOutputStream out = new ByteArrayOutputStream();
        FilterOutputStream stream = new FilterOutputStream(out);
        stream.write(routeBlob);

        byte[] routeData = out.toByteArray();

        ByteArrayInputStream bin = new ByteArrayInputStream(routeData);
        FilterInputStream fis = new FilterInputStream(bin);
        int marker = fis.read();

        assertEquals(routeType, marker);";1;"byte[] routeData;
try (ByteArrayOutputStream out = new ByteArrayOutputStream();
     FilterOutputStream stream = new FilterOutputStream(out)) {
    stream.write(routeBlob);
    stream.flush();
    routeData = out.toByteArray();
}

int marker;
try (ByteArrayInputStream bin = new ByteArrayInputStream(routeData);
     FilterInputStream fis = new FilterInputStream(bin)) {
    marker = fis.read();
}

assertEquals(routeType, marker);";"try (ByteArrayOutputStream out = new ByteArrayOutputStream();
     FilterOutputStream stream = new FilterOutputStream(out)) {
    stream.write(routeBlob);
    stream.flush();

    byte[] routeData = out.toByteArray();

    try (ByteArrayInputStream bin = new ByteArrayInputStream(routeData);
         FilterInputStream fis = new FilterInputStream(bin) {}) {
        int marker = fis.read();

        assertEquals(routeType, marker);
    }
}";"try (ByteArrayOutputStream out = new ByteArrayOutputStream();
     FilterOutputStream stream = new FilterOutputStream(out)) {
    stream.write(routeBlob);

    byte[] routeData = out.toByteArray();

    try (ByteArrayInputStream bin = new ByteArrayInputStream(routeData);
         FilterInputStream fis = new FilterInputStream(bin)) {
        int marker = fis.read();

        assertEquals(routeType, marker);
    }
}";1;1;1
Case_230_ChatSecure_SINTETICO_7_BUG;App de E-commerce;java.io.FilterOutputStream;"ByteArrayOutputStream out = new ByteArrayOutputStream();
        FilterOutputStream cartStream = new FilterOutputStream(out);
        cartStream.write(cartState);

        byte[] bytes = out.toByteArray();

        ByteArrayInputStream bin = new ByteArrayInputStream(bytes);
        FilterInputStream in = new FilterInputStream(bin);
        int status = in.read();

        assertEquals(0, status);";1;"try (ByteArrayOutputStream out = new ByteArrayOutputStream();
     FilterOutputStream cartStream = new FilterOutputStream(out)) {
    cartStream.write(cartState);
    cartStream.flush();

    byte[] bytes = out.toByteArray();

    try (ByteArrayInputStream bin = new ByteArrayInputStream(bytes);
         FilterInputStream in = new FilterInputStream(bin)) {
        int status = in.read();
        assertEquals(0, status);
    }
}";"try (ByteArrayOutputStream out = new ByteArrayOutputStream();
     FilterOutputStream cartStream = new FilterOutputStream(out)) {
    cartStream.write(cartState);
    cartStream.flush();

    byte[] bytes = out.toByteArray();

    try (ByteArrayInputStream bin = new ByteArrayInputStream(bytes);
         FilterInputStream in = new FilterInputStream(bin)) {
        int status = in.read();

        assertEquals(0, status);
    }
}";"try (ByteArrayOutputStream out = new ByteArrayOutputStream();
     FilterOutputStream cartStream = new FilterOutputStream(out)) {
    cartStream.write(cartState);

    byte[] bytes = out.toByteArray();

    try (ByteArrayInputStream bin = new ByteArrayInputStream(bytes);
         FilterInputStream in = new FilterInputStream(bin)) {
        int status = in.read();
        assertEquals(0, status);
    }
}";1;1;1
Case_230_ChatSecure_SINTETICO_8_BUG;App de Noticias;java.io.FilterOutputStream;"ByteArrayOutputStream out = new ByteArrayOutputStream();
        FilterOutputStream articleStream = new FilterOutputStream(out);
        articleStream.write(articlePayload);

        byte[] articleBytes = out.toByteArray();

        ByteArrayInputStream bin = new ByteArrayInputStream(articleBytes);
        FilterInputStream input = new FilterInputStream(bin);
        int head = input.read();

        assertTrue(head != -1);";1;"byte[] articleBytes;
try (ByteArrayOutputStream out = new ByteArrayOutputStream();
     FilterOutputStream articleStream = new FilterOutputStream(out)) {
    articleStream.write(articlePayload);
    articleStream.flush();
    articleBytes = out.toByteArray();
}

try (ByteArrayInputStream bin = new ByteArrayInputStream(articleBytes);
     FilterInputStream input = new FilterInputStream(bin)) {
    int head = input.read();
    assertTrue(head != -1);
}";"ByteArrayOutputStream out = new ByteArrayOutputStream();
try (FilterOutputStream articleStream = new FilterOutputStream(out)) {
    articleStream.write(articlePayload);
}

byte[] articleBytes = out.toByteArray();

ByteArrayInputStream bin = new ByteArrayInputStream(articleBytes);
try (FilterInputStream input = new FilterInputStream(bin) {}) {
    int head = input.read();
    assertTrue(head != -1);
}";"try (ByteArrayOutputStream out = new ByteArrayOutputStream();
     FilterOutputStream articleStream = new FilterOutputStream(out)) {
    
    articleStream.write(articlePayload);
    byte[] articleBytes = out.toByteArray();
    
    try (ByteArrayInputStream bin = new ByteArrayInputStream(articleBytes);
         FilterInputStream input = new FilterInputStream(bin)) {
        
        int head = input.read();
        assertTrue(head != -1);
    }
}";1;1;1
Case_230_ChatSecure_SINTETICO_9_BUG;App de Viagens;java.io.FilterOutputStream;"ByteArrayOutputStream out = new ByteArrayOutputStream();
        FilterOutputStream itineraryStream = new FilterOutputStream(out);
        itineraryStream.write(planBytes);

        byte[] itinerary = out.toByteArray();

        ByteArrayInputStream bin = new ByteArrayInputStream(itinerary);
        FilterInputStream fis = new FilterInputStream(bin);
        int indicator = fis.read();

        assertEquals(expectedIndicator, indicator);";1;"byte[] itinerary;
try (ByteArrayOutputStream out = new ByteArrayOutputStream();
     FilterOutputStream itineraryStream = new FilterOutputStream(out)) {
    itineraryStream.write(planBytes);
    itineraryStream.flush();
    itinerary = out.toByteArray();
}

int indicator;
try (ByteArrayInputStream bin = new ByteArrayInputStream(itinerary);
     FilterInputStream fis = new FilterInputStream(bin)) {
    indicator = fis.read();
}

assertEquals(expectedIndicator, indicator);";"ByteArrayOutputStream out = new ByteArrayOutputStream();
try (FilterOutputStream itineraryStream = new FilterOutputStream(out)) {
    itineraryStream.write(planBytes);
}

byte[] itinerary = out.toByteArray();

ByteArrayInputStream bin = new ByteArrayInputStream(itinerary);
try (FilterInputStream fis = new FilterInputStream(bin) {}) {
    int indicator = fis.read();
    assertEquals(expectedIndicator, indicator);
}";"byte[] itinerary;
try (ByteArrayOutputStream out = new ByteArrayOutputStream();
     FilterOutputStream itineraryStream = new FilterOutputStream(out)) {
    itineraryStream.write(planBytes);
    itineraryStream.flush();
    itinerary = out.toByteArray();
}

int indicator;
try (ByteArrayInputStream bin = new ByteArrayInputStream(itinerary);
     FilterInputStream fis = new FilterInputStream(bin)) {
    indicator = fis.read();
}

assertEquals(expectedIndicator, indicator);";1;1;1
Case_230_ChatSecure_SINTETICO_10_BUG;App de Desenho/Design;java.io.FilterOutputStream;"ByteArrayOutputStream out = new ByteArrayOutputStream();
        FilterOutputStream graphicStream = new FilterOutputStream(out);
        graphicStream.write(layerData);

        byte[] buffer = out.toByteArray();

        ByteArrayInputStream bin = new ByteArrayInputStream(buffer);
        FilterInputStream fis = new FilterInputStream(bin);
        int format = fis.read();

        assertEquals(imageFormat, format);";1;"byte[] buffer;
try (ByteArrayOutputStream out = new ByteArrayOutputStream();
     FilterOutputStream graphicStream = new FilterOutputStream(out)) {
    graphicStream.write(layerData);
    graphicStream.flush();
    buffer = out.toByteArray();
}

int format;
try (ByteArrayInputStream bin = new ByteArrayInputStream(buffer);
     FilterInputStream fis = new FilterInputStream(bin)) {
    format = fis.read();
}

assertEquals(imageFormat, format);";"ByteArrayOutputStream out = new ByteArrayOutputStream();
try (FilterOutputStream graphicStream = new FilterOutputStream(out)) {
    graphicStream.write(layerData);
}

byte[] buffer = out.toByteArray();

ByteArrayInputStream bin = new ByteArrayInputStream(buffer);
try (FilterInputStream fis = new FilterInputStream(bin) {}) {
    int format = fis.read();
    assertEquals(imageFormat, format);
}";"byte[] buffer;
try (ByteArrayOutputStream out = new ByteArrayOutputStream();
     FilterOutputStream graphicStream = new FilterOutputStream(out)) {
    graphicStream.write(layerData);
    buffer = out.toByteArray();
}

try (ByteArrayInputStream bin = new ByteArrayInputStream(buffer);
     FilterInputStream fis = new FilterInputStream(bin)) {
    int format = fis.read();
    assertEquals(imageFormat, format);
}";1;1;1
Case_232_K-9 Mail_SINTETICO_1_BUG;App de Música;java.io.InputStream;"public void loadTrackMetadata(InputStream inputStream) throws IOException {
    MetadataParser parser = new MetadataParser();
    inputStream.close();
    parser.parse(inputStream);
    inputStream.close();
}";1;"public void loadTrackMetadata(InputStream inputStream) throws IOException {
    MetadataParser parser = new MetadataParser();
    try (InputStream is = inputStream) {
        parser.parse(is);
    }
}";"public void loadTrackMetadata(InputStream inputStream) throws IOException {
    try (inputStream) {
        MetadataParser parser = new MetadataParser();
        parser.parse(inputStream);
    }
}";"public void loadTrackMetadata(InputStream inputStream) throws IOException {
    try {
        MetadataParser parser = new MetadataParser();
        parser.parse(inputStream);
    } finally {
        if (inputStream != null) {
            inputStream.close();
        }
    }
}";1;1;0
Case_232_K-9 Mail_SINTETICO_2_BUG;App de Scanner;java.io.InputStream;"public String scanDocument(InputStream imageStream) throws IOException {
    PdfCreator creator = new PdfCreator();
    imageStream.close();
    String result = creator.createPdf(imageStream);
    imageStream.close();
    return result;
}";1;"public String scanDocument(InputStream imageStream) throws IOException {
    try (InputStream input = imageStream) {
        PdfCreator creator = new PdfCreator();
        return creator.createPdf(input);
    }
}";"public String scanDocument(InputStream imageStream) throws IOException {
    try (imageStream) {
        PdfCreator creator = new PdfCreator();
        String result = creator.createPdf(imageStream);
        return result;
    }
}";"public String scanDocument(InputStream imageStream) throws IOException {
    try {
        PdfCreator creator = new PdfCreator();
        return creator.createPdf(imageStream);
    } finally {
        if (imageStream != null) {
            imageStream.close();
        }
    }
}";1;1;0
Case_232_K-9 Mail_SINTETICO_3_BUG;App de Fitness;java.io.InputStream;"public WorkoutPlan parsePlan(InputStream planStream) throws IOException {
    PlanParser parser = new PlanParser();
    planStream.close();
    WorkoutPlan plan = parser.parse(planStream);
    planStream.close();
    return plan;
}";1;"public WorkoutPlan parsePlan(InputStream planStream) throws IOException {
    PlanParser parser = new PlanParser();
    try (InputStream input = planStream) {
        return parser.parse(input);
    }
}";"public WorkoutPlan parsePlan(InputStream planStream) throws IOException {
    try (planStream) {
        PlanParser parser = new PlanParser();
        WorkoutPlan plan = parser.parse(planStream);
        return plan;
    }
}";"public WorkoutPlan parsePlan(InputStream planStream) throws IOException {
    try (InputStream stream = planStream) {
        PlanParser parser = new PlanParser();
        return parser.parse(stream);
    }
}";1;1;1
Case_232_K-9 Mail_SINTETICO_4_BUG;App de Notícias;java.io.InputStream;"public Article loadArticle(InputStream articleStream) throws IOException {
    ArticleReader reader = new ArticleReader();
    articleStream.close();
    Article article = reader.read(articleStream);
    articleStream.close();
    return article;
}";1;"public Article loadArticle(InputStream articleStream) throws IOException {
    try (InputStream input = articleStream) {
        ArticleReader reader = new ArticleReader();
        return reader.read(input);
    }
}";"public Article loadArticle(InputStream articleStream) throws IOException {
    try (articleStream) {
        ArticleReader reader = new ArticleReader();
        Article article = reader.read(articleStream);
        return article;
    }
}";"public Article loadArticle(InputStream articleStream) throws IOException {
    try (InputStream stream = articleStream) {
        ArticleReader reader = new ArticleReader();
        return reader.read(stream);
    }
}";1;1;1
Case_232_K-9 Mail_SINTETICO_5_BUG;App de Jogos;java.io.InputStream;"public LevelConfig loadLevel(InputStream levelStream) throws IOException {
    LevelConfigParser parser = new LevelConfigParser();
    levelStream.close();
    LevelConfig config = parser.parse(levelStream);
    levelStream.close();
    return config;
}";1;"public LevelConfig loadLevel(InputStream levelStream) throws IOException {
    LevelConfigParser parser = new LevelConfigParser();
    try (InputStream input = levelStream) {
        return parser.parse(input);
    }
}";"public LevelConfig loadLevel(InputStream levelStream) throws IOException {
    try (levelStream) {
        LevelConfigParser parser = new LevelConfigParser();
        LevelConfig config = parser.parse(levelStream);
        return config;
    }
}";"public LevelConfig loadLevel(InputStream levelStream) throws IOException {
    try (InputStream stream = levelStream) {
        LevelConfigParser parser = new LevelConfigParser();
        return parser.parse(stream);
    }
}";1;1;1
Case_232_K-9 Mail_SINTETICO_6_BUG;App de Compras;java.io.InputStream;"public ProductCatalog loadCatalog(InputStream catalogStream) throws IOException {
    CatalogDeserializer deserializer = new CatalogDeserializer();
    catalogStream.close();
    ProductCatalog catalog = deserializer.deserialize(catalogStream);
    catalogStream.close();
    return catalog;
}";1;"public ProductCatalog loadCatalog(InputStream catalogStream) throws IOException {
    CatalogDeserializer deserializer = new CatalogDeserializer();
    try (InputStream input = catalogStream) {
        return deserializer.deserialize(input);
    }
}";"public ProductCatalog loadCatalog(InputStream catalogStream) throws IOException {
    try {
        CatalogDeserializer deserializer = new CatalogDeserializer();
        ProductCatalog catalog = deserializer.deserialize(catalogStream);
        return catalog;
    } finally {
        catalogStream.close();
    }
}";"public ProductCatalog loadCatalog(InputStream catalogStream) throws IOException {
    try (InputStream stream = catalogStream) {
        CatalogDeserializer deserializer = new CatalogDeserializer();
        return deserializer.deserialize(stream);
    }
}";1;0;1
Case_232_K-9 Mail_SINTETICO_7_BUG;App de Educação;java.io.InputStream;"public Lesson loadLesson(InputStream lessonStream) throws IOException {
    LessonParser parser = new LessonParser();
    lessonStream.close();
    Lesson lesson = parser.parse(lessonStream);
    lessonStream.close();
    return lesson;
}";1;"public Lesson loadLesson(InputStream lessonStream) throws IOException {
    LessonParser parser = new LessonParser();
    try (InputStream input = lessonStream) {
        return parser.parse(input);
    }
}";"public Lesson loadLesson(InputStream lessonStream) throws IOException {
    try (lessonStream) {
        LessonParser parser = new LessonParser();
        Lesson lesson = parser.parse(lessonStream);
        return lesson;
    }
}";"public Lesson loadLesson(InputStream lessonStream) throws IOException {
    try {
        LessonParser parser = new LessonParser();
        return parser.parse(lessonStream);
    } finally {
        if (lessonStream != null) {
            lessonStream.close();
        }
    }
}";1;1;0
Case_232_K-9 Mail_SINTETICO_8_BUG;App de Viagens;java.io.InputStream;"public MapData loadMap(InputStream mapStream) throws IOException {
    MapDecoder decoder = new MapDecoder();
    mapStream.close();
    MapData data = decoder.decode(mapStream);
    mapStream.close();
    return data;
}";1;"public MapData loadMap(InputStream mapStream) throws IOException {
    MapDecoder decoder = new MapDecoder();
    try (InputStream input = mapStream) {
        return decoder.decode(input);
    }
}";"public MapData loadMap(InputStream mapStream) throws IOException {
    try (mapStream) {
        MapDecoder decoder = new MapDecoder();
        MapData data = decoder.decode(mapStream);
        return data;
    }
}";"public MapData loadMap(InputStream mapStream) throws IOException {
    try (InputStream stream = mapStream) {
        MapDecoder decoder = new MapDecoder();
        return decoder.decode(stream);
    }
}";1;1;1
Case_232_K-9 Mail_SINTETICO_9_BUG;App de Fotos;java.io.InputStream;"public Bitmap decodePhoto(InputStream photoStream) throws IOException {
    BitmapFactory factory = new BitmapFactory();
    photoStream.close();
    Bitmap bitmap = factory.decode(photoStream);
    photoStream.close();
    return bitmap;
}";1;"public Bitmap decodePhoto(InputStream photoStream) throws IOException {
    BitmapFactory factory = new BitmapFactory();
    try (InputStream input = photoStream) {
        return factory.decode(input);
    }
}";"public Bitmap decodePhoto(InputStream photoStream) throws IOException {
    try {
        BitmapFactory factory = new BitmapFactory();
        Bitmap bitmap = factory.decode(photoStream);
        return bitmap;
    } finally {
        photoStream.close();
    }
}";"public Bitmap decodePhoto(InputStream photoStream) throws IOException {
    try {
        BitmapFactory factory = new BitmapFactory();
        return factory.decode(photoStream);
    } finally {
        if (photoStream != null) {
            photoStream.close();
        }
    }
}";1;0;0
Case_232_K-9 Mail_SINTETICO_10_BUG;App de Finanças;java.io.InputStream;"public TransactionBatch loadTransactions(InputStream transactionStream) throws IOException {
    TransactionParser parser = new TransactionParser();
    transactionStream.close();
    TransactionBatch batch = parser.parse(transactionStream);
    transactionStream.close();
    return batch;
}";1;"public TransactionBatch loadTransactions(InputStream transactionStream) throws IOException {
    TransactionParser parser = new TransactionParser();
    try (InputStream input = transactionStream) {
        return parser.parse(input);
    }
}";"public TransactionBatch loadTransactions(InputStream transactionStream) throws IOException {
    try (transactionStream) {
        TransactionParser parser = new TransactionParser();
        TransactionBatch batch = parser.parse(transactionStream);
        return batch;
    }
}";"public TransactionBatch loadTransactions(InputStream transactionStream) throws IOException {
    try (InputStream stream = transactionStream) {
        TransactionParser parser = new TransactionParser();
        return parser.parse(stream);
    }
}";1;1;1
Case_264_FBReaderJ_SINTETICO_1_BUG;App de Música;java.io.InputStreamReader;"while (true) {
    int count = streamReader.read(buffer);
    if (count <= 0) {
        return;
    }
    if (count < buffer.length) {
        break;
    }
}
";1;"try {
    while (true) {
        int count = streamReader.read(buffer);
        if (count <= 0) {
            return;
        }
        if (count < buffer.length) {
            break;
        }
    }
} finally {
    if (streamReader != null) {
        streamReader.close();
    }
}";"while (true) {
    int count = streamReader.read(buffer);
    if (count <= 0) {
        streamReader.close();
        return;
    }
    if (count < buffer.length) {
        break;
    }
}
streamReader.close();";"try {
    while (true) {
        int count = streamReader.read(buffer);
        if (count <= 0) {
            return;
        }
        if (count < buffer.length) {
            break;
        }
    }
} finally {
    if (streamReader != null) {
        streamReader.close();
    }
}";0;0;0
Case_264_FBReaderJ_SINTETICO_2_BUG;Scanner de Documentos;java.io.InputStreamReader;"while (true) {
    int count = streamReader.read(lineBuffer);
    if (count <= 0) {
        return null;
    }
    if (count < lineBuffer.length) {
        parsed = true;
        break;
    }
}
";1;"try {
    while (true) {
        int count = streamReader.read(lineBuffer);
        if (count <= 0) {
            return null;
        }
        if (count < lineBuffer.length) {
            parsed = true;
            break;
        }
    }
} finally {
    if (streamReader != null) {
        streamReader.close();
    }
}";"while (true) {
    int count = streamReader.read(lineBuffer);
    if (count <= 0) {
        streamReader.close();
        return null;
    }
    if (count < lineBuffer.length) {
        parsed = true;
        break;
    }
}";"while (true) {
    int count = streamReader.read(lineBuffer);
    if (count <= 0) {
        streamReader.close();
        return null;
    }
    if (count < lineBuffer.length) {
        parsed = true;
        break;
    }
}";0;0;0
Case_264_FBReaderJ_SINTETICO_3_BUG;App de Fitness;java.io.InputStreamReader;"while (true) {
    int count = streamReader.read(chunk);
    if (count <= 0) {
        return false;
    }
    if (count < chunk.length) {
        completed = true;
        break;
    }
}
";1;"try {
    while (true) {
        int count = streamReader.read(chunk);
        if (count <= 0) {
            return false;
        }
        if (count < chunk.length) {
            completed = true;
            break;
        }
    }
} finally {
    if (streamReader != null) {
        streamReader.close();
    }
}";"while (true) {
    int count = streamReader.read(chunk);
    if (count <= 0) {
        streamReader.close();
        return false;
    }
    if (count < chunk.length) {
        completed = true;
        break;
    }
}
streamReader.close();";"while (true) {
    int count = streamReader.read(chunk);
    if (count <= 0) {
        streamReader.close();
        return false;
    }
    if (count < chunk.length) {
        completed = true;
        break;
    }
}";0;0;0
Case_264_FBReaderJ_SINTETICO_4_BUG;App de Mensagens;java.io.InputStreamReader;"while (true) {
    int count = streamReader.read(chars);
    if (count <= 0) {
        return;
    }
    if (count < chars.length) {
        messageReady = true;
        break;
    }
}
";1;"try {
    while (true) {
        int count = streamReader.read(chars);
        if (count <= 0) {
            return;
        }
        if (count < chars.length) {
            messageReady = true;
            break;
        }
    }
} finally {
    if (streamReader != null) {
        streamReader.close();
    }
}";"while (true) {
    int count = streamReader.read(chars);
    if (count <= 0) {
        streamReader.close();
        return;
    }
    if (count < chars.length) {
        messageReady = true;
        break;
    }
}";"while (true) {
    int count = streamReader.read(chars);
    if (count <= 0) {
        streamReader.close();
        return;
    }
    if (count < chars.length) {
        messageReady = true;
        break;
    }
}";0;0;0
Case_264_FBReaderJ_SINTETICO_5_BUG;Leitor de RSS/Notícias;java.io.InputStreamReader;"while (true) {
    int count = streamReader.read(pageBuffer);
    if (count <= 0) {
        return Collections.emptyList();
    }
    if (count < pageBuffer.length) {
        done = true;
        break;
    }
}
";1;"try {
    while (true) {
        int count = streamReader.read(pageBuffer);
        if (count <= 0) {
            return Collections.emptyList();
        }
        if (count < pageBuffer.length) {
            done = true;
            break;
        }
    }
} finally {
    if (streamReader != null) {
        streamReader.close();
    }
}";"while (true) {
    int count = streamReader.read(pageBuffer);
    if (count <= 0) {
        streamReader.close();
        return Collections.emptyList();
    }
    if (count < pageBuffer.length) {
        done = true;
        break;
    }
}";"while (true) {
    int count = streamReader.read(pageBuffer);
    if (count <= 0) {
        streamReader.close();
        return Collections.emptyList();
    }
    if (count < pageBuffer.length) {
        done = true;
        break;
    }
}";0;0;0
Case_264_FBReaderJ_SINTETICO_6_BUG;App de E-learning;java.io.InputStreamReader;"while (true) {
    int count = streamReader.read(data);
    if (count <= 0) {
        return;
    }
    if (count < data.length) {
        quizLoaded = true;
        break;
    }
}
";1;"try {
    while (true) {
        int count = streamReader.read(data);
        if (count <= 0) {
            return;
        }
        if (count < data.length) {
            quizLoaded = true;
            break;
        }
    }
} finally {
    if (streamReader != null) {
        streamReader.close();
    }
}";"while (true) {
    int count = streamReader.read(data);
    if (count <= 0) {
        streamReader.close();
        return;
    }
    if (count < data.length) {
        quizLoaded = true;
        break;
    }
}
streamReader.close();";"while (true) {
    int count = streamReader.read(data);
    if (count <= 0) {
        streamReader.close();
        return;
    }
    if (count < data.length) {
        quizLoaded = true;
        break;
    }
}";0;0;0
Case_264_FBReaderJ_SINTETICO_7_BUG;App de Navegação;java.io.InputStreamReader;"while (true) {
    int count = streamReader.read(routeBuffer);
    if (count <= 0) {
        return;
    }
    if (count < routeBuffer.length) {
        routeParsed = true;
        break;
    }
}
";1;"try {
    while (true) {
        int count = streamReader.read(routeBuffer);
        if (count <= 0) {
            return;
        }
        if (count < routeBuffer.length) {
            routeParsed = true;
            break;
        }
    }
} finally {
    if (streamReader != null) {
        streamReader.close();
    }
}";"while (true) {
    int count = streamReader.read(routeBuffer);
    if (count <= 0) {
        streamReader.close();
        return;
    }
    if (count < routeBuffer.length) {
        routeParsed = true;
        break;
    }
}";"while (true) {
    int count = streamReader.read(routeBuffer);
    if (count <= 0) {
        streamReader.close();
        return;
    }
    if (count < routeBuffer.length) {
        routeParsed = true;
        break;
    }
}";0;0;0
Case_264_FBReaderJ_SINTETICO_8_BUG;App de Compras;java.io.InputStreamReader;"while (true) {
    int count = streamReader.read(jsonBuffer);
    if (count <= 0) {
        return null;
    }
    if (count < jsonBuffer.length) {
        inventoryReady = true;
        break;
    }
}
";1;"try {
    while (true) {
        int count = streamReader.read(jsonBuffer);
        if (count <= 0) {
            return null;
        }
        if (count < jsonBuffer.length) {
            inventoryReady = true;
            break;
        }
    }
} finally {
    if (streamReader != null) {
        streamReader.close();
    }
}";"while (true) {
    int count = streamReader.read(jsonBuffer);
    if (count <= 0) {
        streamReader.close();
        return null;
    }
    if (count < jsonBuffer.length) {
        inventoryReady = true;
        break;
    }
}";"while (true) {
    int count = streamReader.read(jsonBuffer);
    if (count <= 0) {
        streamReader.close();
        return null;
    }
    if (count < jsonBuffer.length) {
        inventoryReady = true;
        break;
    }
}";0;0;0
Case_264_FBReaderJ_SINTETICO_9_BUG;App de Clima;java.io.InputStreamReader;"while (true) {
    int count = streamReader.read(bytes);
    if (count <= 0) {
        return;
    }
    if (count < bytes.length) {
        weatherUpdated = true;
        break;
    }
}
";1;"try {
    while (true) {
        int count = streamReader.read(bytes);
        if (count <= 0) {
            return;
        }
        if (count < bytes.length) {
            weatherUpdated = true;
            break;
        }
    }
} finally {
    if (streamReader != null) {
        streamReader.close();
    }
}";"while (true) {
    int count = streamReader.read(bytes);
    if (count <= 0) {
        streamReader.close();
        return;
    }
    if (count < bytes.length) {
        weatherUpdated = true;
        break;
    }
}
streamReader.close();";"try {
    while (true) {
        int count = streamReader.read(bytes);
        if (count <= 0) {
            return;
        }
        if (count < bytes.length) {
            weatherUpdated = true;
            break;
        }
    }
} finally {
    streamReader.close();
}";0;0;0
Case_264_FBReaderJ_SINTETICO_10_BUG;App de Fotografia;java.io.InputStreamReader;"while (true) {
    int count = streamReader.read(headerBuffer);
    if (count <= 0) {
        return false;
    }
    if (count < headerBuffer.length) {
        metadataFound = true;
        break;
    }
}
";1;"try {
    while (true) {
        int count = streamReader.read(headerBuffer);
        if (count <= 0) {
            return false;
        }
        if (count < headerBuffer.length) {
            metadataFound = true;
            break;
        }
    }
} finally {
    if (streamReader != null) {
        streamReader.close();
    }
}";"while (true) {
    int count = streamReader.read(headerBuffer);
    if (count <= 0) {
        streamReader.close();
        return false;
    }
    if (count < headerBuffer.length) {
        metadataFound = true;
        break;
    }
}";"while (true) {
    int count = streamReader.read(headerBuffer);
    if (count <= 0) {
        streamReader.close();
        return false;
    }
    if (count < headerBuffer.length) {
        metadataFound = true;
        break;
    }
}";0;0;0
Case_267_Hacker News_SINTETICO_1_BUG;App de Musica;java.io.ObjectOutputStream;"import java.io.FileInputStream;
import java.io.FileOutputStream;
import java.io.IOException;
import java.io.ObjectInputStream;
import java.io.ObjectOutputStream;

public class PlaylistStore {

    public static Playlist loadLastPlaylist(String path) {
        try {
            ObjectInputStream obj = new ObjectInputStream(new FileInputStream(path));
            Object raw = obj.readObject();
            if (raw instanceof Playlist) {
                return (Playlist) raw;
            }
        } catch (Exception e) {
            Log.e(TAG, ""Could not load playlist"", e);
        }
        return null;
    }

    public static void saveLastPlaylist(Playlist playlist, String path) {
        try {
            ObjectOutputStream os = new ObjectOutputStream(new FileOutputStream(path));
            os.writeObject(playlist);
        } catch (Exception e) {
            Log.e(TAG, ""Could not save playlist"", e);
        }
    }
}";1;"import java.io.FileInputStream;
import java.io.FileOutputStream;
import java.io.ObjectInputStream;
import java.io.ObjectOutputStream;

public class PlaylistStore {

    public static Playlist loadLastPlaylist(String path) {
        try (ObjectInputStream obj = new ObjectInputStream(new FileInputStream(path))) {
            Object raw = obj.readObject();
            if (raw instanceof Playlist) {
                return (Playlist) raw;
            }
        } catch (Exception e) {
            Log.e(TAG, ""Could not load playlist"", e);
        }
        return null;
    }

    public static void saveLastPlaylist(Playlist playlist, String path) {
        try (ObjectOutputStream os = new ObjectOutputStream(new FileOutputStream(path))) {
            os.writeObject(playlist);
        } catch (Exception e) {
            Log.e(TAG, ""Could not save playlist"", e);
        }
    }
}";"import java.io.FileInputStream;
import java.io.FileOutputStream;
import java.io.IOException;
import java.io.ObjectInputStream;
import java.io.ObjectOutputStream;

public class PlaylistStore {

    public static Playlist loadLastPlaylist(String path) {
        try (ObjectInputStream obj = new ObjectInputStream(new FileInputStream(path))) {
            Object raw = obj.readObject();
            if (raw instanceof Playlist) {
                return (Playlist) raw;
            }
        } catch (Exception e) {
            Log.e(TAG, ""Could not load playlist"", e);
        }
        return null;
    }

    public static void saveLastPlaylist(Playlist playlist, String path) {
        try (ObjectOutputStream os = new ObjectOutputStream(new FileOutputStream(path))) {
            os.writeObject(playlist);
        } catch (Exception e) {
            Log.e(TAG, ""Could not save playlist"", e);
        }
    }
}";"import java.io.FileInputStream;
import java.io.FileOutputStream;
import java.io.IOException;
import java.io.ObjectInputStream;
import java.io.ObjectOutputStream;

public class PlaylistStore {

    public static Playlist loadLastPlaylist(String path) {
        try (ObjectInputStream obj = new ObjectInputStream(new FileInputStream(path))) {
            Object raw = obj.readObject();
            if (raw instanceof Playlist) {
                return (Playlist) raw;
            }
        } catch (Exception e) {
            Log.e(TAG, ""Could not load playlist"", e);
        }
        return null;
    }

    public static void saveLastPlaylist(Playlist playlist, String path) {
        try (ObjectOutputStream os = new ObjectOutputStream(new FileOutputStream(path))) {
            os.writeObject(playlist);
        } catch (Exception e) {
            Log.e(TAG, ""Could not save playlist"", e);
        }
    }
}";1;1;1
Case_267_Hacker News_SINTETICO_2_BUG;App de Scanner de Documentos;java.io.ObjectOutputStream;"import java.io.FileInputStream;
import java.io.FileOutputStream;
import java.io.ObjectInputStream;
import java.io.ObjectOutputStream;

public class ScanCache {

    public static ScannedDoc readLastScan(String filePath) {
        try {
            ObjectInputStream obj = new ObjectInputStream(new FileInputStream(filePath));
            Object data = obj.readObject();
            if (data instanceof ScannedDoc) {
                return (ScannedDoc) data;
            }
        } catch (Exception e) {
            Log.w(TAG, ""Unable to read scan cache"", e);
        }
        return null;
    }

    public static void writeLastScan(ScannedDoc doc, String filePath) {
        try {
            ObjectOutputStream os = new ObjectOutputStream(new FileOutputStream(filePath));
            os.writeObject(doc);
        } catch (Exception e) {
            Log.w(TAG, ""Unable to write scan cache"", e);
        }
    }
}";1;"import java.io.FileInputStream;
import java.io.FileOutputStream;
import java.io.ObjectInputStream;
import java.io.ObjectOutputStream;

public class ScanCache {

    public static ScannedDoc readLastScan(String filePath) {
        try (ObjectInputStream obj = new ObjectInputStream(new FileInputStream(filePath))) {
            Object data = obj.readObject();
            if (data instanceof ScannedDoc) {
                return (ScannedDoc) data;
            }
        } catch (Exception e) {
            Log.w(TAG, ""Unable to read scan cache"", e);
        }
        return null;
    }

    public static void writeLastScan(ScannedDoc doc, String filePath) {
        try (ObjectOutputStream os = new ObjectOutputStream(new FileOutputStream(filePath))) {
            os.writeObject(doc);
        } catch (Exception e) {
            Log.w(TAG, ""Unable to write scan cache"", e);
        }
    }
}";"import java.io.FileInputStream;
import java.io.FileOutputStream;
import java.io.ObjectInputStream;
import java.io.ObjectOutputStream;

public class ScanCache {

    public static ScannedDoc readLastScan(String filePath) {
        try (ObjectInputStream obj = new ObjectInputStream(new FileInputStream(filePath))) {
            Object data = obj.readObject();
            if (data instanceof ScannedDoc) {
                return (ScannedDoc) data;
            }
        } catch (Exception e) {
            Log.w(TAG, ""Unable to read scan cache"", e);
        }
        return null;
    }

    public static void writeLastScan(ScannedDoc doc, String filePath) {
        try (ObjectOutputStream os = new ObjectOutputStream(new FileOutputStream(filePath))) {
            os.writeObject(doc);
        } catch (Exception e) {
            Log.w(TAG, ""Unable to write scan cache"", e);
        }
    }
}";"import java.io.FileInputStream;
import java.io.FileOutputStream;
import java.io.ObjectInputStream;
import java.io.ObjectOutputStream;

public class ScanCache {

    public static ScannedDoc readLastScan(String filePath) {
        try (ObjectInputStream obj = new ObjectInputStream(new FileInputStream(filePath))) {
            Object data = obj.readObject();
            if (data instanceof ScannedDoc) {
                return (ScannedDoc) data;
            }
        } catch (Exception e) {
            Log.w(TAG, ""Unable to read scan cache"", e);
        }
        return null;
    }

    public static void writeLastScan(ScannedDoc doc, String filePath) {
        try (ObjectOutputStream os = new ObjectOutputStream(new FileOutputStream(filePath))) {
            os.writeObject(doc);
        } catch (Exception e) {
            Log.w(TAG, ""Unable to write scan cache"", e);
        }
    }
}";1;1;1
Case_267_Hacker News_SINTETICO_3_BUG;App de Fitness;java.io.ObjectOutputStream;"import java.io.FileInputStream;
import java.io.FileOutputStream;
import java.io.ObjectInputStream;
import java.io.ObjectOutputStream;

public class WorkoutHistoryStore {

    public static WorkoutSession loadSession(String path) {
        try {
            ObjectInputStream input = new ObjectInputStream(new FileInputStream(path));
            Object session = input.readObject();
            if (session instanceof WorkoutSession) {
                return (WorkoutSession) session;
            }
        } catch (Exception e) {
            Log.e(TAG, ""Failed to load workout session"", e);
        }
        return null;
    }

    public static void saveSession(WorkoutSession session, String path) {
        try {
            ObjectOutputStream output = new ObjectOutputStream(new FileOutputStream(path));
            output.writeObject(session);
        } catch (Exception e) {
            Log.e(TAG, ""Failed to save workout session"", e);
        }
    }
}";1;"import java.io.FileInputStream;
import java.io.FileOutputStream;
import java.io.ObjectInputStream;
import java.io.ObjectOutputStream;

public class WorkoutHistoryStore {

    public static WorkoutSession loadSession(String path) {
        try (ObjectInputStream input = new ObjectInputStream(new FileInputStream(path))) {
            Object session = input.readObject();
            if (session instanceof WorkoutSession) {
                return (WorkoutSession) session;
            }
        } catch (Exception e) {
            Log.e(TAG, ""Failed to load workout session"", e);
        }
        return null;
    }

    public static void saveSession(WorkoutSession session, String path) {
        try (ObjectOutputStream output = new ObjectOutputStream(new FileOutputStream(path))) {
            output.writeObject(session);
        } catch (Exception e) {
            Log.e(TAG, ""Failed to save workout session"", e);
        }
    }
}";"import java.io.FileInputStream;
import java.io.FileOutputStream;
import java.io.ObjectInputStream;
import java.io.ObjectOutputStream;

public class WorkoutHistoryStore {

    public static WorkoutSession loadSession(String path) {
        try (ObjectInputStream input = new ObjectInputStream(new FileInputStream(path))) {
            Object session = input.readObject();
            if (session instanceof WorkoutSession) {
                return (WorkoutSession) session;
            }
        } catch (Exception e) {
            Log.e(TAG, ""Failed to load workout session"", e);
        }
        return null;
    }

    public static void saveSession(WorkoutSession session, String path) {
        try (ObjectOutputStream output = new ObjectOutputStream(new FileOutputStream(path))) {
            output.writeObject(session);
        } catch (Exception e) {
            Log.e(TAG, ""Failed to save workout session"", e);
        }
    }
}";"import java.io.FileInputStream;
import java.io.FileOutputStream;
import java.io.ObjectInputStream;
import java.io.ObjectOutputStream;

public class WorkoutHistoryStore {

    public static WorkoutSession loadSession(String path) {
        try (ObjectInputStream input = new ObjectInputStream(new FileInputStream(path))) {
            Object session = input.readObject();
            if (session instanceof WorkoutSession) {
                return (WorkoutSession) session;
            }
        } catch (Exception e) {
            Log.e(TAG, ""Failed to load workout session"", e);
        }
        return null;
    }

    public static void saveSession(WorkoutSession session, String path) {
        try (ObjectOutputStream output = new ObjectOutputStream(new FileOutputStream(path))) {
            output.writeObject(session);
        } catch (Exception e) {
            Log.e(TAG, ""Failed to save workout session"", e);
        }
    }
}";1;1;1
Case_267_Hacker News_SINTETICO_4_BUG;App de Notas;java.io.ObjectOutputStream;"import java.io.FileInputStream;
import java.io.FileOutputStream;
import java.io.ObjectInputStream;
import java.io.ObjectOutputStream;

public class NoteBackupManager {

    public static Note loadBackup(String backupPath) {
        try {
            ObjectInputStream in = new ObjectInputStream(new FileInputStream(backupPath));
            Object obj = in.readObject();
            if (obj instanceof Note) {
                return (Note) obj;
            }
        } catch (Exception e) {
            Log.e(TAG, ""Backup load failed"", e);
        }
        return null;
    }

    public static void saveBackup(Note note, String backupPath) {
        try {
            ObjectOutputStream out = new ObjectOutputStream(new FileOutputStream(backupPath));
            out.writeObject(note);
        } catch (Exception e) {
            Log.e(TAG, ""Backup save failed"", e);
        }
    }
}";1;"import java.io.FileInputStream;
import java.io.FileOutputStream;
import java.io.ObjectInputStream;
import java.io.ObjectOutputStream;

public class NoteBackupManager {

    public static Note loadBackup(String backupPath) {
        try (ObjectInputStream in = new ObjectInputStream(new FileInputStream(backupPath))) {
            Object obj = in.readObject();
            if (obj instanceof Note) {
                return (Note) obj;
            }
        } catch (Exception e) {
            Log.e(TAG, ""Backup load failed"", e);
        }
        return null;
    }

    public static void saveBackup(Note note, String backupPath) {
        try (ObjectOutputStream out = new ObjectOutputStream(new FileOutputStream(backupPath))) {
            out.writeObject(note);
        } catch (Exception e) {
            Log.e(TAG, ""Backup save failed"", e);
        }
    }
}";"import java.io.FileInputStream;
import java.io.FileOutputStream;
import java.io.ObjectInputStream;
import java.io.ObjectOutputStream;

public class NoteBackupManager {

    public static Note loadBackup(String backupPath) {
        try (ObjectInputStream in = new ObjectInputStream(new FileInputStream(backupPath))) {
            Object obj = in.readObject();
            if (obj instanceof Note) {
                return (Note) obj;
            }
        } catch (Exception e) {
            Log.e(TAG, ""Backup load failed"", e);
        }
        return null;
    }

    public static void saveBackup(Note note, String backupPath) {
        try (ObjectOutputStream out = new ObjectOutputStream(new FileOutputStream(backupPath))) {
            out.writeObject(note);
        } catch (Exception e) {
            Log.e(TAG, ""Backup save failed"", e);
        }
    }
}";"import java.io.FileInputStream;
import java.io.FileOutputStream;
import java.io.ObjectInputStream;
import java.io.ObjectOutputStream;

public class NoteBackupManager {

    public static Note loadBackup(String backupPath) {
        try (ObjectInputStream in = new ObjectInputStream(new FileInputStream(backupPath))) {
            Object obj = in.readObject();
            if (obj instanceof Note) {
                return (Note) obj;
            }
        } catch (Exception e) {
            Log.e(TAG, ""Backup load failed"", e);
        }
        return null;
    }

    public static void saveBackup(Note note, String backupPath) {
        try (ObjectOutputStream out = new ObjectOutputStream(new FileOutputStream(backupPath))) {
            out.writeObject(note);
        } catch (Exception e) {
            Log.e(TAG, ""Backup save failed"", e);
        }
    }
}";1;1;1
Case_267_Hacker News_SINTETICO_5_BUG;App de E-commerce;java.io.ObjectOutputStream;"import java.io.FileInputStream;
import java.io.FileOutputStream;
import java.io.ObjectInputStream;
import java.io.ObjectOutputStream;

public class CartPersistence {

    public static ShoppingCart loadCart(String file) {
        try {
            ObjectInputStream stream = new ObjectInputStream(new FileInputStream(file));
            Object cart = stream.readObject();
            if (cart instanceof ShoppingCart) {
                return (ShoppingCart) cart;
            }
        } catch (Exception e) {
            Log.e(TAG, ""Could not load cart"", e);
        }
        return null;
    }

    public static void saveCart(ShoppingCart cart, String file) {
        try {
            ObjectOutputStream stream = new ObjectOutputStream(new FileOutputStream(file));
            stream.writeObject(cart);
        } catch (Exception e) {
            Log.e(TAG, ""Could not save cart"", e);
        }
    }
}";1;"import java.io.FileInputStream;
import java.io.FileOutputStream;
import java.io.ObjectInputStream;
import java.io.ObjectOutputStream;

public class CartPersistence {

    public static ShoppingCart loadCart(String file) {
        try (ObjectInputStream stream = new ObjectInputStream(new FileInputStream(file))) {
            Object cart = stream.readObject();
            if (cart instanceof ShoppingCart) {
                return (ShoppingCart) cart;
            }
        } catch (Exception e) {
            Log.e(TAG, ""Could not load cart"", e);
        }
        return null;
    }

    public static void saveCart(ShoppingCart cart, String file) {
        try (ObjectOutputStream stream = new ObjectOutputStream(new FileOutputStream(file))) {
            stream.writeObject(cart);
        } catch (Exception e) {
            Log.e(TAG, ""Could not save cart"", e);
        }
    }
}";"import java.io.FileInputStream;
import java.io.FileOutputStream;
import java.io.ObjectInputStream;
import java.io.ObjectOutputStream;

public class CartPersistence {

    public static ShoppingCart loadCart(String file) {
        try (ObjectInputStream stream = new ObjectInputStream(new FileInputStream(file))) {
            Object cart = stream.readObject();
            if (cart instanceof ShoppingCart) {
                return (ShoppingCart) cart;
            }
        } catch (Exception e) {
            Log.e(TAG, ""Could not load cart"", e);
        }
        return null;
    }

    public static void saveCart(ShoppingCart cart, String file) {
        try (ObjectOutputStream stream = new ObjectOutputStream(new FileOutputStream(file))) {
            stream.writeObject(cart);
        } catch (Exception e) {
            Log.e(TAG, ""Could not save cart"", e);
        }
    }
}";"import java.io.FileInputStream;
import java.io.FileOutputStream;
import java.io.ObjectInputStream;
import java.io.ObjectOutputStream;

public class CartPersistence {

    public static ShoppingCart loadCart(String file) {
        try (ObjectInputStream stream = new ObjectInputStream(new FileInputStream(file))) {
            Object cart = stream.readObject();
            if (cart instanceof ShoppingCart) {
                return (ShoppingCart) cart;
            }
        } catch (Exception e) {
            Log.e(TAG, ""Could not load cart"", e);
        }
        return null;
    }

    public static void saveCart(ShoppingCart cart, String file) {
        try (ObjectOutputStream stream = new ObjectOutputStream(new FileOutputStream(file))) {
            stream.writeObject(cart);
        } catch (Exception e) {
            Log.e(TAG, ""Could not save cart"", e);
        }
    }
}";1;1;1
Case_267_Hacker News_SINTETICO_6_BUG;App de Mensagens;java.io.ObjectOutputStream;"import java.io.FileInputStream;
import java.io.FileOutputStream;
import java.io.ObjectInputStream;
import java.io.ObjectOutputStream;

public class DraftStore {

    public static MessageDraft readDraft(String path) {
        try {
            ObjectInputStream ois = new ObjectInputStream(new FileInputStream(path));
            Object draft = ois.readObject();
            if (draft instanceof MessageDraft) {
                return (MessageDraft) draft;
            }
        } catch (Exception e) {
            Log.e(TAG, ""Unable to read draft"", e);
        }
        return null;
    }

    public static void writeDraft(MessageDraft draft, String path) {
        try {
            ObjectOutputStream oos = new ObjectOutputStream(new FileOutputStream(path));
            oos.writeObject(draft);
        } catch (Exception e) {
            Log.e(TAG, ""Unable to write draft"", e);
        }
    }
}";1;"import java.io.FileInputStream;
import java.io.FileOutputStream;
import java.io.ObjectInputStream;
import java.io.ObjectOutputStream;

public class DraftStore {

    public static MessageDraft readDraft(String path) {
        try (ObjectInputStream ois = new ObjectInputStream(new FileInputStream(path))) {
            Object draft = ois.readObject();
            if (draft instanceof MessageDraft) {
                return (MessageDraft) draft;
            }
        } catch (Exception e) {
            Log.e(TAG, ""Unable to read draft"", e);
        }
        return null;
    }

    public static void writeDraft(MessageDraft draft, String path) {
        try (ObjectOutputStream oos = new ObjectOutputStream(new FileOutputStream(path))) {
            oos.writeObject(draft);
        } catch (Exception e) {
            Log.e(TAG, ""Unable to write draft"", e);
        }
    }
}";"import java.io.FileInputStream;
import java.io.FileOutputStream;
import java.io.ObjectInputStream;
import java.io.ObjectOutputStream;

public class DraftStore {

    public static MessageDraft readDraft(String path) {
        try (ObjectInputStream ois = new ObjectInputStream(new FileInputStream(path))) {
            Object draft = ois.readObject();
            if (draft instanceof MessageDraft) {
                return (MessageDraft) draft;
            }
        } catch (Exception e) {
            Log.e(TAG, ""Unable to read draft"", e);
        }
        return null;
    }

    public static void writeDraft(MessageDraft draft, String path) {
        try (ObjectOutputStream oos = new ObjectOutputStream(new FileOutputStream(path))) {
            oos.writeObject(draft);
        } catch (Exception e) {
            Log.e(TAG, ""Unable to write draft"", e);
        }
    }
}";"import java.io.FileInputStream;
import java.io.FileOutputStream;
import java.io.ObjectInputStream;
import java.io.ObjectOutputStream;

public class DraftStore {

    public static MessageDraft readDraft(String path) {
        try (ObjectInputStream ois = new ObjectInputStream(new FileInputStream(path))) {
            Object draft = ois.readObject();
            if (draft instanceof MessageDraft) {
                return (MessageDraft) draft;
            }
        } catch (Exception e) {
            Log.e(TAG, ""Unable to read draft"", e);
        }
        return null;
    }

    public static void writeDraft(MessageDraft draft, String path) {
        try (ObjectOutputStream oos = new ObjectOutputStream(new FileOutputStream(path))) {
            oos.writeObject(draft);
        } catch (Exception e) {
            Log.e(TAG, ""Unable to write draft"", e);
        }
    }
}";1;1;1
Case_267_Hacker News_SINTETICO_7_BUG;App de Fotos;java.io.ObjectOutputStream;"import java.io.FileInputStream;
import java.io.FileOutputStream;
import java.io.ObjectInputStream;
import java.io.ObjectOutputStream;

public class AlbumSerializer {

    public static PhotoAlbum loadAlbum(String albumFile) {
        try {
            ObjectInputStream input = new ObjectInputStream(new FileInputStream(albumFile));
            Object value = input.readObject();
            if (value instanceof PhotoAlbum) {
                return (PhotoAlbum) value;
            }
        } catch (Exception e) {
            Log.e(TAG, ""Failed to load album"", e);
        }
        return null;
    }

    public static void saveAlbum(PhotoAlbum album, String albumFile) {
        try {
            ObjectOutputStream output = new ObjectOutputStream(new FileOutputStream(albumFile));
            output.writeObject(album);
        } catch (Exception e) {
            Log.e(TAG, ""Failed to save album"", e);
        }
    }
}";1;"import java.io.FileInputStream;
import java.io.FileOutputStream;
import java.io.ObjectInputStream;
import java.io.ObjectOutputStream;

public class AlbumSerializer {

    public static PhotoAlbum loadAlbum(String albumFile) {
        try (ObjectInputStream input = new ObjectInputStream(new FileInputStream(albumFile))) {
            Object value = input.readObject();
            if (value instanceof PhotoAlbum) {
                return (PhotoAlbum) value;
            }
        } catch (Exception e) {
            Log.e(TAG, ""Failed to load album"", e);
        }
        return null;
    }

    public static void saveAlbum(PhotoAlbum album, String albumFile) {
        try (ObjectOutputStream output = new ObjectOutputStream(new FileOutputStream(albumFile))) {
            output.writeObject(album);
        } catch (Exception e) {
            Log.e(TAG, ""Failed to save album"", e);
        }
    }
}";"import java.io.FileInputStream;
import java.io.FileOutputStream;
import java.io.ObjectInputStream;
import java.io.ObjectOutputStream;

public class AlbumSerializer {

    public static PhotoAlbum loadAlbum(String albumFile) {
        try (ObjectInputStream input = new ObjectInputStream(new FileInputStream(albumFile))) {
            Object value = input.readObject();
            if (value instanceof PhotoAlbum) {
                return (PhotoAlbum) value;
            }
        } catch (Exception e) {
            Log.e(TAG, ""Failed to load album"", e);
        }
        return null;
    }

    public static void saveAlbum(PhotoAlbum album, String albumFile) {
        try (ObjectOutputStream output = new ObjectOutputStream(new FileOutputStream(albumFile))) {
            output.writeObject(album);
        } catch (Exception e) {
            Log.e(TAG, ""Failed to save album"", e);
        }
    }
}";"import java.io.FileInputStream;
import java.io.FileOutputStream;
import java.io.ObjectInputStream;
import java.io.ObjectOutputStream;

public class AlbumSerializer {

    public static PhotoAlbum loadAlbum(String albumFile) {
        try (ObjectInputStream input = new ObjectInputStream(new FileInputStream(albumFile))) {
            Object value = input.readObject();
            if (value instanceof PhotoAlbum) {
                return (PhotoAlbum) value;
            }
        } catch (Exception e) {
            Log.e(TAG, ""Failed to load album"", e);
        }
        return null;
    }

    public static void saveAlbum(PhotoAlbum album, String albumFile) {
        try (ObjectOutputStream output = new ObjectOutputStream(new FileOutputStream(albumFile))) {
            output.writeObject(album);
        } catch (Exception e) {
            Log.e(TAG, ""Failed to save album"", e);
        }
    }
}";1;1;1
Case_267_Hacker News_SINTETICO_8_BUG;App de Navegação;java.io.ObjectOutputStream;"import java.io.FileInputStream;
import java.io.FileOutputStream;
import java.io.ObjectInputStream;
import java.io.ObjectOutputStream;

public class RouteCache {

    public static Route loadRoute(String filePath) {
        try {
            ObjectInputStream in = new ObjectInputStream(new FileInputStream(filePath));
            Object route = in.readObject();
            if (route instanceof Route) {
                return (Route) route;
            }
        } catch (Exception e) {
            Log.e(TAG, ""Route load error"", e);
        }
        return null;
    }

    public static void saveRoute(Route route, String filePath) {
        try {
            ObjectOutputStream out = new ObjectOutputStream(new FileOutputStream(filePath));
            out.writeObject(route);
        } catch (Exception e) {
            Log.e(TAG, ""Route save error"", e);
        }
    }
}";1;"import java.io.FileInputStream;
import java.io.FileOutputStream;
import java.io.ObjectInputStream;
import java.io.ObjectOutputStream;

public class RouteCache {

    public static Route loadRoute(String filePath) {
        try (ObjectInputStream in = new ObjectInputStream(new FileInputStream(filePath))) {
            Object route = in.readObject();
            if (route instanceof Route) {
                return (Route) route;
            }
        } catch (Exception e) {
            Log.e(TAG, ""Route load error"", e);
        }
        return null;
    }

    public static void saveRoute(Route route, String filePath) {
        try (ObjectOutputStream out = new ObjectOutputStream(new FileOutputStream(filePath))) {
            out.writeObject(route);
        } catch (Exception e) {
            Log.e(TAG, ""Route save error"", e);
        }
    }
}";"import java.io.FileInputStream;
import java.io.FileOutputStream;
import java.io.ObjectInputStream;
import java.io.ObjectOutputStream;

public class RouteCache {

    public static Route loadRoute(String filePath) {
        try (ObjectInputStream in = new ObjectInputStream(new FileInputStream(filePath))) {
            Object route = in.readObject();
            if (route instanceof Route) {
                return (Route) route;
            }
        } catch (Exception e) {
            Log.e(TAG, ""Route load error"", e);
        }
        return null;
    }

    public static void saveRoute(Route route, String filePath) {
        try (ObjectOutputStream out = new ObjectOutputStream(new FileOutputStream(filePath))) {
            out.writeObject(route);
        } catch (Exception e) {
            Log.e(TAG, ""Route save error"", e);
        }
    }
}";"import java.io.FileInputStream;
import java.io.FileOutputStream;
import java.io.ObjectInputStream;
import java.io.ObjectOutputStream;

public class RouteCache {

    public static Route loadRoute(String filePath) {
        try (ObjectInputStream in = new ObjectInputStream(new FileInputStream(filePath))) {
            Object route = in.readObject();
            if (route instanceof Route) {
                return (Route) route;
            }
        } catch (Exception e) {
            Log.e(TAG, ""Route load error"", e);
        }
        return null;
    }

    public static void saveRoute(Route route, String filePath) {
        try (ObjectOutputStream out = new ObjectOutputStream(new FileOutputStream(filePath))) {
            out.writeObject(route);
        } catch (Exception e) {
            Log.e(TAG, ""Route save error"", e);
        }
    }
}";1;1;1
Case_267_Hacker News_SINTETICO_9_BUG;App de Receitas;java.io.ObjectOutputStream;"import java.io.FileInputStream;
import java.io.FileOutputStream;
import java.io.ObjectInputStream;
import java.io.ObjectOutputStream;

public class RecipeFavoritesStore {

    public static Recipe loadFavorite(String path) {
        try {
            ObjectInputStream input = new ObjectInputStream(new FileInputStream(path));
            Object favorite = input.readObject();
            if (favorite instanceof Recipe) {
                return (Recipe) favorite;
            }
        } catch (Exception e) {
            Log.e(TAG, ""Could not load favorite recipe"", e);
        }
        return null;
    }

    public static void saveFavorite(Recipe recipe, String path) {
        try {
            ObjectOutputStream output = new ObjectOutputStream(new FileOutputStream(path));
            output.writeObject(recipe);
        } catch (Exception e) {
            Log.e(TAG, ""Could not save favorite recipe"", e);
        }
    }
}";1;"import java.io.FileInputStream;
import java.io.FileOutputStream;
import java.io.ObjectInputStream;
import java.io.ObjectOutputStream;

public class RecipeFavoritesStore {

    public static Recipe loadFavorite(String path) {
        try (ObjectInputStream input = new ObjectInputStream(new FileInputStream(path))) {
            Object favorite = input.readObject();
            if (favorite instanceof Recipe) {
                return (Recipe) favorite;
            }
        } catch (Exception e) {
            Log.e(TAG, ""Could not load favorite recipe"", e);
        }
        return null;
    }

    public static void saveFavorite(Recipe recipe, String path) {
        try (ObjectOutputStream output = new ObjectOutputStream(new FileOutputStream(path))) {
            output.writeObject(recipe);
        } catch (Exception e) {
            Log.e(TAG, ""Could not save favorite recipe"", e);
        }
    }
}";"import java.io.FileInputStream;
import java.io.FileOutputStream;
import java.io.ObjectInputStream;
import java.io.ObjectOutputStream;

public class RecipeFavoritesStore {

    public static Recipe loadFavorite(String path) {
        try (ObjectInputStream input = new ObjectInputStream(new FileInputStream(path))) {
            Object favorite = input.readObject();
            if (favorite instanceof Recipe) {
                return (Recipe) favorite;
            }
        } catch (Exception e) {
            Log.e(TAG, ""Could not load favorite recipe"", e);
        }
        return null;
    }

    public static void saveFavorite(Recipe recipe, String path) {
        try (ObjectOutputStream output = new ObjectOutputStream(new FileOutputStream(path))) {
            output.writeObject(recipe);
        } catch (Exception e) {
            Log.e(TAG, ""Could not save favorite recipe"", e);
        }
    }
}";"import java.io.FileInputStream;
import java.io.FileOutputStream;
import java.io.ObjectInputStream;
import java.io.ObjectOutputStream;

public class RecipeFavoritesStore {

    public static Recipe loadFavorite(String path) {
        try (ObjectInputStream input = new ObjectInputStream(new FileInputStream(path))) {
            Object favorite = input.readObject();
            if (favorite instanceof Recipe) {
                return (Recipe) favorite;
            }
        } catch (Exception e) {
            Log.e(TAG, ""Could not load favorite recipe"", e);
        }
        return null;
    }

    public static void saveFavorite(Recipe recipe, String path) {
        try (ObjectOutputStream output = new ObjectOutputStream(new FileOutputStream(path))) {
            output.writeObject(recipe);
        } catch (Exception e) {
            Log.e(TAG, ""Could not save favorite recipe"", e);
        }
    }
}";1;1;1
Case_267_Hacker News_SINTETICO_10_BUG;App de Calendarização;java.io.ObjectOutputStream;"import java.io.FileInputStream;
import java.io.FileOutputStream;
import java.io.ObjectInputStream;
import java.io.ObjectOutputStream;

public class EventStateStore {

    public static CalendarEvent loadEvent(String file) {
        try {
            ObjectInputStream ois = new ObjectInputStream(new FileInputStream(file));
            Object event = ois.readObject();
            if (event instanceof CalendarEvent) {
                return (CalendarEvent) event;
            }
        } catch (Exception e) {
            Log.e(TAG, ""Load event failed"", e);
        }
        return null;
    }

    public static void saveEvent(CalendarEvent event, String file) {
        try {
            ObjectOutputStream oos = new ObjectOutputStream(new FileOutputStream(file));
            oos.writeObject(event);
        } catch (Exception e) {
            Log.e(TAG, ""Save event failed"", e);
        }
    }
}";1;"import java.io.FileInputStream;
import java.io.FileOutputStream;
import java.io.ObjectInputStream;
import java.io.ObjectOutputStream;

public class EventStateStore {

    public static CalendarEvent loadEvent(String file) {
        try (ObjectInputStream ois = new ObjectInputStream(new FileInputStream(file))) {
            Object event = ois.readObject();
            if (event instanceof CalendarEvent) {
                return (CalendarEvent) event;
            }
        } catch (Exception e) {
            Log.e(TAG, ""Load event failed"", e);
        }
        return null;
    }

    public static void saveEvent(CalendarEvent event, String file) {
        try (ObjectOutputStream oos = new ObjectOutputStream(new FileOutputStream(file))) {
            oos.writeObject(event);
        } catch (Exception e) {
            Log.e(TAG, ""Save event failed"", e);
        }
    }
}";"import java.io.FileInputStream;
import java.io.FileOutputStream;
import java.io.ObjectInputStream;
import java.io.ObjectOutputStream;

public class EventStateStore {

    public static CalendarEvent loadEvent(String file) {
        try (ObjectInputStream ois = new ObjectInputStream(new FileInputStream(file))) {
            Object event = ois.readObject();
            if (event instanceof CalendarEvent) {
                return (CalendarEvent) event;
            }
        } catch (Exception e) {
            Log.e(TAG, ""Load event failed"", e);
        }
        return null;
    }

    public static void saveEvent(CalendarEvent event, String file) {
        try (ObjectOutputStream oos = new ObjectOutputStream(new FileOutputStream(file))) {
            oos.writeObject(event);
        } catch (Exception e) {
            Log.e(TAG, ""Save event failed"", e);
        }
    }
}";"import java.io.FileInputStream;
import java.io.FileOutputStream;
import java.io.ObjectInputStream;
import java.io.ObjectOutputStream;

public class EventStateStore {

    public static CalendarEvent loadEvent(String file) {
        try (ObjectInputStream ois = new ObjectInputStream(new FileInputStream(file))) {
            Object event = ois.readObject();
            if (event instanceof CalendarEvent) {
                return (CalendarEvent) event;
            }
        } catch (Exception e) {
            Log.e(TAG, ""Load event failed"", e);
        }
        return null;
    }

    public static void saveEvent(CalendarEvent event, String file) {
        try (ObjectOutputStream oos = new ObjectOutputStream(new FileOutputStream(file))) {
            oos.writeObject(event);
        } catch (Exception e) {
            Log.e(TAG, ""Save event failed"", e);
        }
    }
}";1;1;1
Case_267_Hacker News_SINTETICO_11_BUG;App de Podcasts;java.io.ObjectOutputStream;"import java.io.FileInputStream;
import java.io.FileOutputStream;
import java.io.ObjectInputStream;
import java.io.ObjectOutputStream;

public class EpisodeQueueStore {

    public static EpisodeQueue loadQueue(String path) {
        try {
            ObjectInputStream input = new ObjectInputStream(new FileInputStream(path));
            Object queue = input.readObject();
            if (queue instanceof EpisodeQueue) {
                return (EpisodeQueue) queue;
            }
        } catch (Exception e) {
            Log.e(TAG, ""Could not load episode queue"", e);
        }
        return null;
    }

    public static void saveQueue(EpisodeQueue queue, String path) {
        try {
            ObjectOutputStream output = new ObjectOutputStream(new FileOutputStream(path));
            output.writeObject(queue);
        } catch (Exception e) {
            Log.e(TAG, ""Could not save episode queue"", e);
        }
    }
}";1;"import java.io.FileInputStream;
import java.io.FileOutputStream;
import java.io.ObjectInputStream;
import java.io.ObjectOutputStream;

public class EpisodeQueueStore {

    public static EpisodeQueue loadQueue(String path) {
        try (ObjectInputStream input = new ObjectInputStream(new FileInputStream(path))) {
            Object queue = input.readObject();
            if (queue instanceof EpisodeQueue) {
                return (EpisodeQueue) queue;
            }
        } catch (Exception e) {
            Log.e(TAG, ""Could not load episode queue"", e);
        }
        return null;
    }

    public static void saveQueue(EpisodeQueue queue, String path) {
        try (ObjectOutputStream output = new ObjectOutputStream(new FileOutputStream(path))) {
            output.writeObject(queue);
        } catch (Exception e) {
            Log.e(TAG, ""Could not save episode queue"", e);
        }
    }
}";"import java.io.FileInputStream;
import java.io.FileOutputStream;
import java.io.ObjectInputStream;
import java.io.ObjectOutputStream;

public class EpisodeQueueStore {

    public static EpisodeQueue loadQueue(String path) {
        try (ObjectInputStream input = new ObjectInputStream(new FileInputStream(path))) {
            Object queue = input.readObject();
            if (queue instanceof EpisodeQueue) {
                return (EpisodeQueue) queue;
            }
        } catch (Exception e) {
            Log.e(TAG, ""Could not load episode queue"", e);
        }
        return null;
    }

    public static void saveQueue(EpisodeQueue queue, String path) {
        try (ObjectOutputStream output = new ObjectOutputStream(new FileOutputStream(path))) {
            output.writeObject(queue);
        } catch (Exception e) {
            Log.e(TAG, ""Could not save episode queue"", e);
        }
    }
}";"import java.io.FileInputStream;
import java.io.FileOutputStream;
import java.io.ObjectInputStream;
import java.io.ObjectOutputStream;

public class EpisodeQueueStore {

    public static EpisodeQueue loadQueue(String path) {
        try (ObjectInputStream input = new ObjectInputStream(new FileInputStream(path))) {
            Object queue = input.readObject();
            if (queue instanceof EpisodeQueue) {
                return (EpisodeQueue) queue;
            }
        } catch (Exception e) {
            Log.e(TAG, ""Could not load episode queue"", e);
        }
        return null;
    }

    public static void saveQueue(EpisodeQueue queue, String path) {
        try (ObjectOutputStream output = new ObjectOutputStream(new FileOutputStream(path))) {
            output.writeObject(queue);
        } catch (Exception e) {
            Log.e(TAG, ""Could not save episode queue"", e);
        }
    }
}";1;1;1
Case_269_K-9 Mail_SINTETICO_1_BUG;App de Musica;java.io.OutputStream;"public void exportPlaylist(File file) throws IOException {
    OutputStream out = new FileOutputStream(file);
    out.write(playlistData);
    out.close();
    out.write(metadataBytes);
    out.close();
}";1;"public void exportPlaylist(File file) throws IOException {
    try (OutputStream out = new FileOutputStream(file)) {
        out.write(playlistData);
        out.write(metadataBytes);
    }
}";"public void exportPlaylist(File file) throws IOException {
    try (OutputStream out = new FileOutputStream(file)) {
        out.write(playlistData);
        out.write(metadataBytes);
    }
}";"public void exportPlaylist(File file) throws IOException {
    try (OutputStream out = new FileOutputStream(file)) {
        out.write(playlistData);
        out.write(metadataBytes);
    }
}";1;1;1
Case_269_K-9 Mail_SINTETICO_2_BUG;App de Scanner;java.io.OutputStream;"public void saveScan(File file, byte[] imageBytes) throws IOException {
    OutputStream stream = new FileOutputStream(file);
    stream.close();
    stream.write(imageBytes);
    stream.close();
}";1;"public void saveScan(File file, byte[] imageBytes) throws IOException {
    try (OutputStream stream = new FileOutputStream(file)) {
        stream.write(imageBytes);
    }
}";"public void saveScan(File file, byte[] imageBytes) throws IOException {
    try (OutputStream stream = new FileOutputStream(file)) {
        stream.write(imageBytes);
    }
}";"public void saveScan(File file, byte[] imageBytes) throws IOException {
    try (OutputStream stream = new FileOutputStream(file)) {
        stream.write(imageBytes);
    }
}";1;1;1
Case_269_K-9 Mail_SINTETICO_3_BUG;App de Fitness;java.io.OutputStream;"public void backupWorkout(File file, String json) throws IOException {
    OutputStream outputStream = new FileOutputStream(file);
    outputStream.close();
    outputStream.write(json.getBytes(StandardCharsets.UTF_8));
    outputStream.close();
}";1;"public void backupWorkout(File file, String json) throws IOException {
    try (OutputStream outputStream = new FileOutputStream(file)) {
        outputStream.write(json.getBytes(StandardCharsets.UTF_8));
    }
}";"public void backupWorkout(File file, String json) throws IOException {
    try (OutputStream outputStream = new FileOutputStream(file)) {
        outputStream.write(json.getBytes(StandardCharsets.UTF_8));
    }
}";"public void backupWorkout(File file, String json) throws IOException {
    try (OutputStream outputStream = new FileOutputStream(file)) {
        outputStream.write(json.getBytes(StandardCharsets.UTF_8));
    }
}";1;1;1
Case_269_K-9 Mail_SINTETICO_4_BUG;App de Fotografia;java.io.OutputStream;"public void saveEditedPhoto(File file, Bitmap bitmap) throws IOException {
    OutputStream os = new FileOutputStream(file);
    os.close();
    bitmap.compress(Bitmap.CompressFormat.JPEG, 90, os);
    os.close();
}";1;"public void saveEditedPhoto(File file, Bitmap bitmap) throws IOException {
    try (OutputStream os = new FileOutputStream(file)) {
        bitmap.compress(Bitmap.CompressFormat.JPEG, 90, os);
    }
}";"public void saveEditedPhoto(File file, Bitmap bitmap) throws IOException {
    try (OutputStream os = new FileOutputStream(file)) {
        bitmap.compress(Bitmap.CompressFormat.JPEG, 90, os);
    }
}";"public void saveEditedPhoto(File file, Bitmap bitmap) throws IOException {
    try (OutputStream os = new FileOutputStream(file)) {
        bitmap.compress(Bitmap.CompressFormat.JPEG, 90, os);
    }
}";1;1;1
Case_269_K-9 Mail_SINTETICO_5_BUG;App de Mensagens;java.io.OutputStream;"public void writeAttachment(File file, byte[] data) throws IOException {
    OutputStream out = new FileOutputStream(file);
    out.close();
    out.write(data);
    out.close();
}";1;"public void writeAttachment(File file, byte[] data) throws IOException {
    try (OutputStream out = new FileOutputStream(file)) {
        out.write(data);
    }
}";"public void writeAttachment(File file, byte[] data) throws IOException {
    try (OutputStream out = new FileOutputStream(file)) {
        out.write(data);
    }
}";"public void writeAttachment(File file, byte[] data) throws IOException {
    try (OutputStream out = new FileOutputStream(file)) {
        out.write(data);
    }
}";1;1;1
Case_269_K-9 Mail_SINTETICO_6_BUG;App de Notas;java.io.OutputStream;"public void persistNote(File file, String note) throws IOException {
    OutputStream output = new FileOutputStream(file);
    output.close();
    output.write(note.getBytes());
    output.close();
}";1;"public void persistNote(File file, String note) throws IOException {
    try (OutputStream output = new FileOutputStream(file)) {
        output.write(note.getBytes());
    }
}";"public void persistNote(File file, String note) throws IOException {
    try (OutputStream output = new FileOutputStream(file)) {
        output.write(note.getBytes());
    }
}";"public void persistNote(File file, String note) throws IOException {
    try (OutputStream output = new FileOutputStream(file)) {
        output.write(note.getBytes());
    }
}";1;1;1
Case_269_K-9 Mail_SINTETICO_7_BUG;App de Navegação;java.io.OutputStream;"public void saveRouteCache(File file, String routeJson) throws IOException {
    OutputStream cacheStream = new FileOutputStream(file);
    cacheStream.close();
    cacheStream.write(routeJson.getBytes(StandardCharsets.UTF_8));
    cacheStream.close();
}";1;"public void saveRouteCache(File file, String routeJson) throws IOException {
    try (OutputStream cacheStream = new FileOutputStream(file)) {
        cacheStream.write(routeJson.getBytes(StandardCharsets.UTF_8));
    }
}";"public void saveRouteCache(File file, String routeJson) throws IOException {
    try (OutputStream cacheStream = new FileOutputStream(file)) {
        cacheStream.write(routeJson.getBytes(StandardCharsets.UTF_8));
    }
}";"public void saveRouteCache(File file, String routeJson) throws IOException {
    try (OutputStream cacheStream = new FileOutputStream(file)) {
        cacheStream.write(routeJson.getBytes(StandardCharsets.UTF_8));
    }
}";1;1;1
Case_269_K-9 Mail_SINTETICO_8_BUG;App de Leitura;java.io.OutputStream;"public void exportHighlights(File file, String highlights) throws IOException {
    OutputStream stream = new FileOutputStream(file);
    stream.close();
    stream.write(highlights.getBytes());
    stream.close();
}";1;"public void exportHighlights(File file, String highlights) throws IOException {
    try (OutputStream stream = new FileOutputStream(file)) {
        stream.write(highlights.getBytes());
    }
}";"public void exportHighlights(File file, String highlights) throws IOException {
    try (OutputStream stream = new FileOutputStream(file)) {
        stream.write(highlights.getBytes());
    }
}";"public void exportHighlights(File file, String highlights) throws IOException {
    try (OutputStream stream = new FileOutputStream(file)) {
        stream.write(highlights.getBytes());
    }
}";1;1;1
Case_269_K-9 Mail_SINTETICO_9_BUG;App de Finanças;java.io.OutputStream;"public void saveReport(File file, byte[] reportBytes) throws IOException {
    OutputStream os = new FileOutputStream(file);
    os.close();
    os.write(reportBytes);
    os.close();
}";1;"public void saveReport(File file, byte[] reportBytes) throws IOException {
    try (OutputStream os = new FileOutputStream(file)) {
        os.write(reportBytes);
    }
}";"public void saveReport(File file, byte[] reportBytes) throws IOException {
    try (OutputStream os = new FileOutputStream(file)) {
        os.write(reportBytes);
    }
}";"public void saveReport(File file, byte[] reportBytes) throws IOException {
    try (OutputStream os = new FileOutputStream(file)) {
        os.write(reportBytes);
    }
}";1;1;1
Case_269_K-9 Mail_SINTETICO_10_BUG;App de Jogos;java.io.OutputStream;"public void saveGameState(File file, String state) throws IOException {
    OutputStream outputStream = new FileOutputStream(file);
    outputStream.close();
    outputStream.write(state.getBytes(StandardCharsets.UTF_8));
    outputStream.close();
}";1;"public void saveGameState(File file, String state) throws IOException {
    try (OutputStream outputStream = new FileOutputStream(file)) {
        outputStream.write(state.getBytes(StandardCharsets.UTF_8));
    }
}";"public void saveGameState(File file, String state) throws IOException {
    try (OutputStream outputStream = new FileOutputStream(file)) {
        outputStream.write(state.getBytes(StandardCharsets.UTF_8));
    }
}";"public void saveGameState(File file, String state) throws IOException {
    try (OutputStream outputStream = new FileOutputStream(file)) {
        outputStream.write(state.getBytes(StandardCharsets.UTF_8));
    }
}";1;1;1
Case_273_Terminal_SINTETICO_1_BUG;App de Musica;java.io.OutputStream;"public void exportarPlaylist(File destino) throws IOException {
    FileOutputStream out = new FileOutputStream(destino);
    out.write(conteudoPlaylist.getBytes(StandardCharsets.UTF_8));
    out.flush();
}";1;"public void exportarPlaylist(File destino) throws IOException {
    try (FileOutputStream out = new FileOutputStream(destino)) {
        out.write(conteudoPlaylist.getBytes(StandardCharsets.UTF_8));
        out.flush();
    }
}";"public void exportarPlaylist(File destino) throws IOException {
    try (FileOutputStream out = new FileOutputStream(destino)) {
        out.write(conteudoPlaylist.getBytes(StandardCharsets.UTF_8));
        out.flush();
    }
}";"public void exportarPlaylist(File destino) throws IOException {
    try (FileOutputStream out = new FileOutputStream(destino)) {
        out.write(conteudoPlaylist.getBytes(StandardCharsets.UTF_8));
        out.flush();
    }
}";1;1;1
Case_273_Terminal_SINTETICO_2_BUG;App de Scanner de Documentos;java.io.OutputStream;"public void salvarImagemEscaneada(Bitmap bitmap, File arquivo) throws IOException {
    OutputStream out = new FileOutputStream(arquivo);
    bitmap.compress(Bitmap.CompressFormat.JPEG, 90, out);
}";1;"public void salvarImagemEscaneada(Bitmap bitmap, File arquivo) throws IOException {
    try (OutputStream out = new FileOutputStream(arquivo)) {
        bitmap.compress(Bitmap.CompressFormat.JPEG, 90, out);
        out.flush();
    }
}";"public void salvarImagemEscaneada(Bitmap bitmap, File arquivo) throws IOException {
    try (OutputStream out = new FileOutputStream(arquivo)) {
        bitmap.compress(Bitmap.CompressFormat.JPEG, 90, out);
    }
}";"public void salvarImagemEscaneada(Bitmap bitmap, File arquivo) throws IOException {
    try (OutputStream out = new FileOutputStream(arquivo)) {
        bitmap.compress(Bitmap.CompressFormat.JPEG, 90, out);
    }
}";1;1;1
Case_273_Terminal_SINTETICO_3_BUG;App de Fitness;java.io.OutputStream;"public void exportarTreinoCsv(File file, String csv) throws IOException {
    OutputStream stream = new FileOutputStream(file);
    stream.write(csv.getBytes());
    stream.flush();
}";1;"public void exportarTreinoCsv(File file, String csv) throws IOException {
    try (OutputStream stream = new FileOutputStream(file)) {
        stream.write(csv.getBytes());
        stream.flush();
    }
}";"public void exportarTreinoCsv(File file, String csv) throws IOException {
    try (OutputStream stream = new FileOutputStream(file)) {
        stream.write(csv.getBytes());
        stream.flush();
    }
}";"public void exportarTreinoCsv(File file, String csv) throws IOException {
    try (OutputStream stream = new FileOutputStream(file)) {
        stream.write(csv.getBytes());
        stream.flush();
    }
}";1;1;1
Case_273_Terminal_SINTETICO_4_BUG;App de Chat;java.io.OutputStream;"public void guardarAnexo(File destino, byte[] dados) throws IOException {
    OutputStream out = new FileOutputStream(destino);
    out.write(dados);
}";1;"public void guardarAnexo(File destino, byte[] dados) throws IOException {
    try (OutputStream out = new FileOutputStream(destino)) {
        out.write(dados);
    }
}";"public void guardarAnexo(File destino, byte[] dados) throws IOException {
    try (OutputStream out = new FileOutputStream(destino)) {
        out.write(dados);
    }
}";"public void guardarAnexo(File destino, byte[] dados) throws IOException {
    try (OutputStream out = new FileOutputStream(destino)) {
        out.write(dados);
    }
}";1;1;1
Case_273_Terminal_SINTETICO_5_BUG;App de Navegação;java.io.OutputStream;"public void exportarRota(File outputFile, String gpx) throws IOException {
    FileOutputStream fos = new FileOutputStream(outputFile);
    fos.write(gpx.getBytes(StandardCharsets.UTF_8));
}";1;"public void exportarRota(File outputFile, String gpx) throws IOException {
    try (FileOutputStream fos = new FileOutputStream(outputFile)) {
        fos.write(gpx.getBytes(StandardCharsets.UTF_8));
    }
}";"public void exportarRota(File outputFile, String gpx) throws IOException {
    try (FileOutputStream fos = new FileOutputStream(outputFile)) {
        fos.write(gpx.getBytes(StandardCharsets.UTF_8));
    }
}";"public void exportarRota(File outputFile, String gpx) throws IOException {
    try (FileOutputStream fos = new FileOutputStream(outputFile)) {
        fos.write(gpx.getBytes(StandardCharsets.UTF_8));
    }
}";1;1;1
Case_273_Terminal_SINTETICO_6_BUG;App de Câmera;java.io.OutputStream;"public void salvarMiniatura(File file, Bitmap thumb) throws IOException {
    OutputStream os = new FileOutputStream(file);
    thumb.compress(Bitmap.CompressFormat.PNG, 100, os);
}";1;"public void salvarMiniatura(File file, Bitmap thumb) throws IOException {
    try (OutputStream os = new FileOutputStream(file)) {
        thumb.compress(Bitmap.CompressFormat.PNG, 100, os);
    }
}";"public void salvarMiniatura(File file, Bitmap thumb) throws IOException {
    try (OutputStream os = new FileOutputStream(file)) {
        thumb.compress(Bitmap.CompressFormat.PNG, 100, os);
    }
}";"public void salvarMiniatura(File file, Bitmap thumb) throws IOException {
    try (OutputStream os = new FileOutputStream(file)) {
        thumb.compress(Bitmap.CompressFormat.PNG, 100, os);
    }
}";1;1;1
Case_273_Terminal_SINTETICO_7_BUG;App de Backup;java.io.OutputStream;"public void fazerBackup(String json, File backupFile) throws IOException {
    OutputStream out = new FileOutputStream(backupFile);
    out.write(json.getBytes(StandardCharsets.UTF_8));
}";1;"public void fazerBackup(String json, File backupFile) throws IOException {
    try (OutputStream out = new FileOutputStream(backupFile)) {
        out.write(json.getBytes(StandardCharsets.UTF_8));
    }
}";"public void fazerBackup(String json, File backupFile) throws IOException {
    try (OutputStream out = new FileOutputStream(backupFile)) {
        out.write(json.getBytes(StandardCharsets.UTF_8));
    }
}";"public void fazerBackup(String json, File backupFile) throws IOException {
    try (OutputStream out = new FileOutputStream(backupFile)) {
        out.write(json.getBytes(StandardCharsets.UTF_8));
    }
}";1;1;1
Case_273_Terminal_SINTETICO_8_BUG;App de Leitura de Ebooks;java.io.OutputStream;"public void exportarMarcacoes(File file, String data) throws IOException {
    OutputStream outputStream = new FileOutputStream(file);
    outputStream.write(data.getBytes());
    outputStream.flush();
}";1;"public void exportarMarcacoes(File file, String data) throws IOException {
    try (OutputStream outputStream = new FileOutputStream(file)) {
        outputStream.write(data.getBytes());
        outputStream.flush();
    }
}";"public void exportarMarcacoes(File file, String data) throws IOException {
    try (OutputStream outputStream = new FileOutputStream(file)) {
        outputStream.write(data.getBytes());
        outputStream.flush();
    }
}";"public void exportarMarcacoes(File file, String data) throws IOException {
    try (OutputStream outputStream = new FileOutputStream(file)) {
        outputStream.write(data.getBytes());
        outputStream.flush();
    }
}";1;1;1
Case_273_Terminal_SINTETICO_9_BUG;App de Meteorologia;java.io.OutputStream;"public void salvarCachePrevisao(File cacheFile, byte[] bytes) throws IOException {
    OutputStream stream = new FileOutputStream(cacheFile);
    stream.write(bytes);
}";1;"public void salvarCachePrevisao(File cacheFile, byte[] bytes) throws IOException {
    try (OutputStream stream = new FileOutputStream(cacheFile)) {
        stream.write(bytes);
    }
}";"public void salvarCachePrevisao(File cacheFile, byte[] bytes) throws IOException {
    try (OutputStream stream = new FileOutputStream(cacheFile)) {
        stream.write(bytes);
    }
}";"public void salvarCachePrevisao(File cacheFile, byte[] bytes) throws IOException {
    try (OutputStream stream = new FileOutputStream(cacheFile)) {
        stream.write(bytes);
    }
}";1;1;1
Case_273_Terminal_SINTETICO_10_BUG;App de Jogos;java.io.OutputStream;"public void guardarReplay(File replayFile, byte[] replayData) throws IOException {
    OutputStream out = new FileOutputStream(replayFile);
    out.write(replayData);
    out.flush();
}";1;"public void guardarReplay(File replayFile, byte[] replayData) throws IOException {
    try (OutputStream out = new FileOutputStream(replayFile)) {
        out.write(replayData);
        out.flush();
    }
}";"public void guardarReplay(File replayFile, byte[] replayData) throws IOException {
    try (OutputStream out = new FileOutputStream(replayFile)) {
        out.write(replayData);
        out.flush();
    }
}";"public void guardarReplay(File replayFile, byte[] replayData) throws IOException {
    try (OutputStream out = new FileOutputStream(replayFile)) {
        out.write(replayData);
        out.flush();
    }
}";1;1;1
Case_276_VLC_SINTETICO_1_BUG;App de Musica;java.io.OutputStreamWriter;"OutputStreamWriter writer = new OutputStreamWriter(socket.getOutputStream());
String track;
while ((track = playlistReader.readLine()) != null) {
    writer.write(track);
    writer.write(""\n"");
}
writer.flush();
socket.close();
playlistReader.close();";1;"try (OutputStreamWriter writer = new OutputStreamWriter(socket.getOutputStream());
     java.io.BufferedReader reader = playlistReader;
     java.net.Socket s = socket) {
    String track;
    while ((track = reader.readLine()) != null) {
        writer.write(track);
        writer.write(""\n"");
    }
    writer.flush();
}";"try (OutputStreamWriter writer = new OutputStreamWriter(socket.getOutputStream())) {
    String track;
    while ((track = playlistReader.readLine()) != null) {
        writer.write(track);
        writer.write(""\n"");
    }
    writer.flush();
} finally {
    socket.close();
    playlistReader.close();
}";"try (OutputStreamWriter writer = new OutputStreamWriter(socket.getOutputStream())) {
    String track;
    while ((track = playlistReader.readLine()) != null) {
        writer.write(track);
        writer.write(""\n"");
    }
    writer.flush();
} finally {
    socket.close();
    playlistReader.close();
}";1;0;0
Case_276_VLC_SINTETICO_2_BUG;App de Scanner de Documentos;java.io.OutputStreamWriter;"OutputStreamWriter writer = new OutputStreamWriter(fileOutputStream);
String pageText;
while ((pageText = ocrReader.readLine()) != null) {
    writer.write(pageText);
    writer.append('\n');
}
writer.close();
fileOutputStream.close();
ocrReader.close();";1;"try (OutputStreamWriter writer = new OutputStreamWriter(fileOutputStream);
     BufferedReader reader = ocrReader;
     OutputStream out = fileOutputStream) {
    String pageText;
    while ((pageText = reader.readLine()) != null) {
        writer.write(pageText);
        writer.append('\n');
    }
}";"try (OutputStreamWriter writer = new OutputStreamWriter(fileOutputStream);) {
    String pageText;
    while ((pageText = ocrReader.readLine()) != null) {
        writer.write(pageText);
        writer.append('\n');
    }
} finally {
    fileOutputStream.close();
    ocrReader.close();
}";"try (OutputStreamWriter writer = new OutputStreamWriter(fileOutputStream)) {
    String pageText;
    while ((pageText = ocrReader.readLine()) != null) {
        writer.write(pageText);
        writer.append('\n');
    }
} finally {
    if (fileOutputStream != null) {
        fileOutputStream.close();
    }
    if (ocrReader != null) {
        ocrReader.close();
    }
}";1;0;0
Case_276_VLC_SINTETICO_3_BUG;App de Fitness;java.io.OutputStreamWriter;"OutputStreamWriter writer = new OutputStreamWriter(networkSocket.getOutputStream());
String metric;
while ((metric = sensorLog.readLine()) != null) {
    writer.write(metric);
    writer.write(""\n"");
}
networkSocket.close();
sensorLog.close();";1;"try (OutputStreamWriter writer = new OutputStreamWriter(networkSocket.getOutputStream());
     java.io.BufferedReader log = sensorLog;
     java.net.Socket socket = networkSocket) {
    String metric;
    while ((metric = log.readLine()) != null) {
        writer.write(metric);
        writer.write(""\n"");
    }
}";"try (OutputStreamWriter writer = new OutputStreamWriter(networkSocket.getOutputStream());
     BufferedReader ignored = sensorLog) {
    String metric;
    while ((metric = sensorLog.readLine()) != null) {
        writer.write(metric);
        writer.write(""\n"");
    }
} finally {
    networkSocket.close();
}";"try (OutputStreamWriter writer = new OutputStreamWriter(networkSocket.getOutputStream())) {
    String metric;
    while ((metric = sensorLog.readLine()) != null) {
        writer.write(metric);
        writer.write(""\n"");
    }
} finally {
    if (networkSocket != null) {
        networkSocket.close();
    }
    if (sensorLog != null) {
        sensorLog.close();
    }
}";1;0;0
Case_276_VLC_SINTETICO_4_BUG;App de Chat;java.io.OutputStreamWriter;"OutputStreamWriter writer = new OutputStreamWriter(connection.getOutputStream());
String message;
while ((message = messageReader.readLine()) != null) {
    writer.write(message);
    writer.write('\n');
}
writer.flush();
connection.close();
messageReader.close();";1;"try (OutputStreamWriter writer = new OutputStreamWriter(connection.getOutputStream())) {
    String message;
    while ((message = messageReader.readLine()) != null) {
        writer.write(message);
        writer.write('\n');
    }
    writer.flush();
} finally {
    try {
        messageReader.close();
    } finally {
        connection.close();
    }
}";"try (OutputStreamWriter writer = new OutputStreamWriter(connection.getOutputStream())) {
    String message;
    while ((message = messageReader.readLine()) != null) {
        writer.write(message);
        writer.write('\n');
    }
    writer.flush();
} finally {
    connection.close();
    messageReader.close();
}";"try (OutputStreamWriter writer = new OutputStreamWriter(connection.getOutputStream())) {
    String message;
    while ((message = messageReader.readLine()) != null) {
        writer.write(message);
        writer.write('\n');
    }
    writer.flush();
} finally {
    messageReader.close();
    connection.close();
}";0;0;0
Case_276_VLC_SINTETICO_5_BUG;App de Receitas;java.io.OutputStreamWriter;"OutputStreamWriter writer = new OutputStreamWriter(cacheStream);
String ingredient;
while ((ingredient = recipeReader.readLine()) != null) {
    writer.write(ingredient);
    writer.write(""\n"");
}
cacheStream.close();
recipeReader.close();";1;"try (OutputStreamWriter writer = new OutputStreamWriter(cacheStream);
     java.io.BufferedReader reader = recipeReader) {
    String ingredient;
    while ((ingredient = reader.readLine()) != null) {
        writer.write(ingredient);
        writer.write(""\n"");
    }
}";"try (OutputStreamWriter writer = new OutputStreamWriter(cacheStream);
     BufferedReader reader = recipeReader) {
    String ingredient;
    while ((ingredient = reader.readLine()) != null) {
        writer.write(ingredient);
        writer.write(""\n"");
    }
}";"try (OutputStreamWriter writer = new OutputStreamWriter(cacheStream)) {
    String ingredient;
    while ((ingredient = recipeReader.readLine()) != null) {
        writer.write(ingredient);
        writer.write(""\n"");
    }
} finally {
    recipeReader.close();
}";1;1;0
Case_276_VLC_SINTETICO_6_BUG;App de Navegação;java.io.OutputStreamWriter;"OutputStreamWriter writer = new OutputStreamWriter(routeSocket.getOutputStream());
String step;
while ((step = routeReader.readLine()) != null) {
    writer.write(step);
    writer.write(""\n"");
}
routeSocket.close();
routeReader.close();";1;"try (OutputStreamWriter writer = new OutputStreamWriter(routeSocket.getOutputStream());
     java.io.BufferedReader reader = routeReader;
     java.net.Socket socket = routeSocket) {
    String step;
    while ((step = reader.readLine()) != null) {
        writer.write(step);
        writer.write(""\n"");
    }
    writer.flush();
}";"try (OutputStreamWriter writer = new OutputStreamWriter(routeSocket.getOutputStream());
     BufferedReader routeReaderAutoClose = routeReader) {
    String step;
    while ((step = routeReaderAutoClose.readLine()) != null) {
        writer.write(step);
        writer.write(""\n"");
    }
} finally {
    routeSocket.close();
}";"try (OutputStreamWriter writer = new OutputStreamWriter(routeSocket.getOutputStream())) {
    String step;
    while ((step = routeReader.readLine()) != null) {
        writer.write(step);
        writer.write(""\n"");
    }
} finally {
    routeReader.close();
    routeSocket.close();
}";1;0;0
Case_276_VLC_SINTETICO_7_BUG;App de Podcast;java.io.OutputStreamWriter;"OutputStreamWriter writer = new OutputStreamWriter(downloadOutput);
String chapter;
while ((chapter = chapterReader.readLine()) != null) {
    writer.write(chapter);
    writer.write(""\n"");
}
downloadOutput.close();
chapterReader.close();";1;"try (OutputStreamWriter writer = new OutputStreamWriter(downloadOutput);
     BufferedReader reader = chapterReader) {
    String chapter;
    while ((chapter = reader.readLine()) != null) {
        writer.write(chapter);
        writer.write(""\n"");
    }
}";"try (OutputStreamWriter writer = new OutputStreamWriter(downloadOutput);
     BufferedReader reader = chapterReader) {
    String chapter;
    while ((chapter = reader.readLine()) != null) {
        writer.write(chapter);
        writer.write(""\n"");
    }
}";"try (OutputStreamWriter writer = new OutputStreamWriter(downloadOutput)) {
    String chapter;
    while ((chapter = chapterReader.readLine()) != null) {
        writer.write(chapter);
        writer.write(""\n"");
    }
} finally {
    if (chapterReader != null) {
        chapterReader.close();
    }
}";1;1;0
Case_276_VLC_SINTETICO_8_BUG;App de Educação;java.io.OutputStreamWriter;"OutputStreamWriter writer = new OutputStreamWriter(submissionStream);
String answer;
while ((answer = answerReader.readLine()) != null) {
    writer.write(answer);
    writer.write(""\n"");
}
writer.close();
submissionStream.close();
answerReader.close();";1;"try (OutputStreamWriter writer = new OutputStreamWriter(submissionStream);
     BufferedReader reader = answerReader) {
    String answer;
    while ((answer = reader.readLine()) != null) {
        writer.write(answer);
        writer.write(""\n"");
    }
}";"try (OutputStreamWriter writer = new OutputStreamWriter(submissionStream);
     BufferedReader reader = answerReader) {
    String answer;
    while ((answer = reader.readLine()) != null) {
        writer.write(answer);
        writer.write(""\n"");
    }
}";"try (OutputStreamWriter writer = new OutputStreamWriter(submissionStream)) {
    String answer;
    while ((answer = answerReader.readLine()) != null) {
        writer.write(answer);
        writer.write(""\n"");
    }
} finally {
    if (submissionStream != null) {
        submissionStream.close();
    }
    if (answerReader != null) {
        answerReader.close();
    }
}";1;1;0
Case_276_VLC_SINTETICO_9_BUG;App de Compras;java.io.OutputStreamWriter;"OutputStreamWriter writer = new OutputStreamWriter(syncSocket.getOutputStream());
String item;
while ((item = cartReader.readLine()) != null) {
    writer.write(item);
    writer.write(""\n"");
}
syncSocket.close();
cartReader.close();";1;"try (OutputStreamWriter writer = new OutputStreamWriter(syncSocket.getOutputStream());
     BufferedReader reader = cartReader;
     Socket socket = syncSocket) {
    String item;
    while ((item = reader.readLine()) != null) {
        writer.write(item);
        writer.write(""\n"");
    }
    writer.flush();
}";"OutputStreamWriter writer = null;
try {
    writer = new OutputStreamWriter(syncSocket.getOutputStream());
    String item;
    while ((item = cartReader.readLine()) != null) {
        writer.write(item);
        writer.write(""\n"");
    }
    writer.flush();
} finally {
    if (writer != null) {
        writer.close();
    }
    syncSocket.close();
    cartReader.close();
}";"try (OutputStreamWriter writer = new OutputStreamWriter(syncSocket.getOutputStream())) {
    String item;
    while ((item = cartReader.readLine()) != null) {
        writer.write(item);
        writer.write(""\n"");
    }
} finally {
    cartReader.close();
    syncSocket.close();
}";1;0;0
Case_276_VLC_SINTETICO_10_BUG;App de Meteorologia;java.io.OutputStreamWriter;"OutputStreamWriter writer = new OutputStreamWriter(reportOutput);
String row;
while ((row = csvReader.readLine()) != null) {
    writer.write(row);
    writer.write(""\n"");
}
reportOutput.close();
csvReader.close();";1;"try (OutputStreamWriter writer = new OutputStreamWriter(reportOutput);
     BufferedReader reader = csvReader) {
    String row;
    while ((row = reader.readLine()) != null) {
        writer.write(row);
        writer.write(""\n"");
    }
}";"try (OutputStreamWriter writer = new OutputStreamWriter(reportOutput);
     BufferedReader reader = csvReader) {
    String row;
    while ((row = reader.readLine()) != null) {
        writer.write(row);
        writer.write(""\n"");
    }
}";"try (OutputStreamWriter writer = new OutputStreamWriter(reportOutput)) {
    String row;
    while ((row = csvReader.readLine()) != null) {
        writer.write(row);
        writer.write(""\n"");
    }
} finally {
    if (csvReader != null) {
        csvReader.close();
    }
}";1;1;0
Case_283_Ushahidi_SINTETICO_1_BUG;App de Musica;java.util.concurrent.Semaphore;"if (downloadQueue.isEmpty()) {
    semaphore.release();
    return;
}
currentTrack = downloadQueue.remove(0);
if (currentTrack.isReady()) {
    player.play(currentTrack);
    if (downloadQueue.isEmpty()) {
        semaphore.release();
    }
}
";1;"if (downloadQueue.isEmpty()) {
    semaphore.release();
    return;
}
try {
    currentTrack = downloadQueue.remove(0);
    if (currentTrack.isReady()) {
        player.play(currentTrack);
    }
} finally {
    if (downloadQueue.isEmpty()) {
        semaphore.release();
    }
}";"if (downloadQueue.isEmpty()) {
    semaphore.release();
    return;
}
currentTrack = downloadQueue.remove(0);
if (currentTrack.isReady()) {
    player.play(currentTrack);
    semaphore.release();
} else {
    semaphore.release();
}";"if (downloadQueue.isEmpty()) {
    semaphore.release();
    return;
}
currentTrack = downloadQueue.remove(0);
try {
    if (currentTrack.isReady()) {
        player.play(currentTrack);
    }
} finally {
    if (downloadQueue.isEmpty()) {
        semaphore.release();
    }
}";0;0;0
Case_283_Ushahidi_SINTETICO_2_BUG;App de Scanner;java.util.concurrent.Semaphore;"if (pages == null) {
    semaphore.release();
    return;
}
pages.remove(pages.size() - 1);
if (pages.size() == 0) {
    scanner.stop();
    semaphore.release();
}
";1;"if (pages == null) {
    try {
        scanner.stop();
    } finally {
        semaphore.release();
    }
    return;
}
pages.remove(pages.size() - 1);
if (pages.isEmpty()) {
    try {
        scanner.stop();
    } finally {
        semaphore.release();
    }
}";"if (pages == null) {
    scanner.close();
    semaphore.release();
    return;
}
pages.remove(pages.size() - 1);
if (pages.size() == 0) {
    scanner.close();
    semaphore.release();
}";"try {
    if (pages == null) {
        return;
    }
    pages.remove(pages.size() - 1);
    if (pages.size() == 0) {
        scanner.stop();
    }
} finally {
    semaphore.release();
}";0;0;0
Case_283_Ushahidi_SINTETICO_3_BUG;App de Fitness;java.util.concurrent.Semaphore;"if (workoutSteps.isEmpty()) {
    semaphore.release();
    return;
}
workoutSteps.remove(workoutSteps.size() - 1);
if (workoutSteps.isEmpty()) {
    timer.cancel();
    semaphore.release();
}
";1;"try {
    if (workoutSteps.isEmpty()) {
        return;
    }
    workoutSteps.remove(workoutSteps.size() - 1);
    if (workoutSteps.isEmpty()) {
        timer.cancel();
    }
} finally {
    semaphore.release();
}";"if (workoutSteps.isEmpty()) {
    semaphore.release();
    return;
}
workoutSteps.remove(workoutSteps.size() - 1);
if (workoutSteps.isEmpty()) {
    timer.cancel();
    semaphore.release();
} else {
    semaphore.release();
}";"try {
    if (workoutSteps.isEmpty()) {
        return;
    }
    workoutSteps.remove(workoutSteps.size() - 1);
    if (workoutSteps.isEmpty()) {
        timer.cancel();
    }
} finally {
    semaphore.release();
}";0;0;0
Case_283_Ushahidi_SINTETICO_4_BUG;App de Mensagens;java.util.concurrent.Semaphore;"if (pendingMessages == null) {
    semaphore.release();
    return;
}
pendingMessages.remove(pendingMessages.size() - 1);
if (pendingMessages.isEmpty()) {
    messageReceiver.unregister();
    semaphore.release();
}
";1;"if (pendingMessages == null) {
    semaphore.release();
    return;
}
try {
    pendingMessages.remove(pendingMessages.size() - 1);
    if (pendingMessages.isEmpty()) {
        messageReceiver.unregister();
    }
} finally {
    semaphore.release();
}";"if (pendingMessages == null) {
    semaphore.release();
    return;
}
pendingMessages.remove(pendingMessages.size() - 1);
if (pendingMessages.isEmpty()) {
    messageReceiver.unregister();
}
semaphore.release();";"if (pendingMessages == null) {
    semaphore.release();
    return;
}
try {
    pendingMessages.remove(pendingMessages.size() - 1);
    if (pendingMessages.isEmpty()) {
        messageReceiver.unregister();
    }
} finally {
    semaphore.release();
}";0;0;0
Case_283_Ushahidi_SINTETICO_5_BUG;App de Navegação;java.util.concurrent.Semaphore;"if (routeSegments == null) {
    semaphore.release();
    return;
}
routeSegments.remove(routeSegments.size() - 1);
if (routeSegments.isEmpty()) {
    locationUpdates.stop();
    semaphore.release();
}
";1;"if (routeSegments == null) {
    semaphore.release();
    return;
}
try {
    routeSegments.remove(routeSegments.size() - 1);
    if (routeSegments.isEmpty()) {
        locationUpdates.stop();
    }
} finally {
    semaphore.release();
}";"if (routeSegments == null) {
    semaphore.release();
    return;
}
routeSegments.remove(routeSegments.size() - 1);
if (routeSegments.isEmpty()) {
    locationUpdates.stop();
}
semaphore.release();";"if (routeSegments == null) {
    semaphore.release();
    return;
}
try {
    routeSegments.remove(routeSegments.size() - 1);
    if (routeSegments.isEmpty()) {
        locationUpdates.stop();
    }
} finally {
    semaphore.release();
}";0;0;0
Case_283_Ushahidi_SINTETICO_6_BUG;App de E-commerce;java.util.concurrent.Semaphore;"if (cartItems.isEmpty()) {
    semaphore.release();
    return;
}
cartItems.remove(cartItems.size() - 1);
if (cartItems.isEmpty()) {
    checkoutSession.finish();
    semaphore.release();
}
";1;"if (cartItems.isEmpty()) {
    semaphore.release();
    return;
}
try {
    cartItems.remove(cartItems.size() - 1);
    if (cartItems.isEmpty()) {
        checkoutSession.finish();
    }
} finally {
    semaphore.release();
}";"if (cartItems.isEmpty()) {
    semaphore.release();
    return;
}
cartItems.remove(cartItems.size() - 1);
if (cartItems.isEmpty()) {
    checkoutSession.finish();
}
semaphore.release();";"try {
    if (cartItems.isEmpty()) {
        return;
    }
    cartItems.remove(cartItems.size() - 1);
    if (cartItems.isEmpty()) {
        checkoutSession.finish();
    }
} finally {
    semaphore.release();
}";0;0;0
Case_283_Ushahidi_SINTETICO_7_BUG;App de Fotografia;java.util.concurrent.Semaphore;"if (imageBuffer == null) {
    semaphore.release();
    return;
}
imageBuffer.remove(imageBuffer.size() - 1);
if (imageBuffer.isEmpty()) {
    camera.close();
    semaphore.release();
}
";1;"if (imageBuffer == null) {
    semaphore.release();
    return;
}
try {
    imageBuffer.remove(imageBuffer.size() - 1);
    if (imageBuffer.isEmpty()) {
        camera.close();
    }
} finally {
    semaphore.release();
}";"if (imageBuffer == null) {
    semaphore.release();
    return;
}
imageBuffer.remove(imageBuffer.size() - 1);
if (imageBuffer.isEmpty()) {
    camera.close();
}
semaphore.release();";"try {
    if (imageBuffer == null) {
        return;
    }
    imageBuffer.remove(imageBuffer.size() - 1);
    if (imageBuffer.isEmpty()) {
        camera.close();
    }
} finally {
    semaphore.release();
}";0;0;0
Case_283_Ushahidi_SINTETICO_8_BUG;App de Banco;java.util.concurrent.Semaphore;"if (authTasks.isEmpty()) {
    semaphore.release();
    return;
}
authTasks.remove(authTasks.size() - 1);
if (authTasks.isEmpty()) {
    authManager.shutdown();
    semaphore.release();
}
";1;"if (authTasks.isEmpty()) {
    semaphore.release();
    return;
}
authTasks.remove(authTasks.size() - 1);
try {
    if (authTasks.isEmpty()) {
        authManager.shutdown();
    }
} finally {
    semaphore.release();
}";"if (authTasks.isEmpty()) {
    semaphore.release();
    return;
}
authTasks.remove(authTasks.size() - 1);
if (authTasks.isEmpty()) {
    authManager.shutdown();
}
semaphore.release();";"try {
    if (authTasks.isEmpty()) {
        return;
    }
    authTasks.remove(authTasks.size() - 1);
    if (authTasks.isEmpty()) {
        authManager.shutdown();
    }
} finally {
    semaphore.release();
}";0;0;0
Case_283_Ushahidi_SINTETICO_9_BUG;App de Viagens;java.util.concurrent.Semaphore;"if (offlineBookings == null) {
    semaphore.release();
    return;
}
offlineBookings.remove(offlineBookings.size() - 1);
if (offlineBookings.isEmpty()) {
    syncService.stopSync();
    semaphore.release();
}
";1;"if (offlineBookings == null) {
    semaphore.release();
    return;
}
try {
    offlineBookings.remove(offlineBookings.size() - 1);
    if (offlineBookings.isEmpty()) {
        syncService.stopSync();
    }
} finally {
    semaphore.release();
}";"if (offlineBookings == null) {
    semaphore.release();
    return;
}
offlineBookings.remove(offlineBookings.size() - 1);
if (offlineBookings.isEmpty()) {
    syncService.stopSync();
}
semaphore.release();";"try {
    if (offlineBookings == null) {
        return;
    }
    offlineBookings.remove(offlineBookings.size() - 1);
    if (offlineBookings.isEmpty()) {
        syncService.stopSync();
    }
} finally {
    semaphore.release();
}";0;0;0
Case_283_Ushahidi_SINTETICO_10_BUG;App de Streaming de Video;java.util.concurrent.Semaphore;"if (bufferChunks.isEmpty()) {
    semaphore.release();
    return;
}
bufferChunks.remove(bufferChunks.size() - 1);
if (bufferChunks.isEmpty()) {
    decoder.release();
    semaphore.release();
}
";1;"if (bufferChunks.isEmpty()) {
    try {
        return;
    } finally {
        semaphore.release();
    }
}
bufferChunks.remove(bufferChunks.size() - 1);
if (bufferChunks.isEmpty()) {
    try {
        decoder.release();
    } finally {
        semaphore.release();
    }
}";"if (bufferChunks.isEmpty()) {
    decoder.release();
    semaphore.release();
    return;
}
bufferChunks.remove(bufferChunks.size() - 1);
if (bufferChunks.isEmpty()) {
    decoder.release();
    semaphore.release();
}";"try {
    if (bufferChunks.isEmpty()) {
        return;
    }
    bufferChunks.remove(bufferChunks.size() - 1);
    if (bufferChunks.isEmpty()) {
        decoder.release();
    }
} finally {
    semaphore.release();
}";0;0;0
Case_284_Bitcoin-wallet_SINTETICO_1_BUG;App de Musica;java.util.Formatter;"private void logNowPlaying(final Song song, final StringBuilder sb) {
    final Formatter formatter = new Formatter(sb);
    formatter.format(""Now playing: %s - %s (%d sec)\n"", song.getArtist(), song.getTitle(), song.getDurationSeconds());
    if (song.isFavorite()) {
        sb.append(""[favorite]\n"");
    }
}";1;"private void logNowPlaying(final Song song, final StringBuilder sb) {
    try (Formatter formatter = new Formatter(sb)) {
        formatter.format(""Now playing: %s - %s (%d sec)\n"", song.getArtist(), song.getTitle(), song.getDurationSeconds());
    }
    if (song.isFavorite()) {
        sb.append(""[favorite]\n"");
    }
}";"private void logNowPlaying(final Song song, final StringBuilder sb) {
    try (final Formatter formatter = new Formatter(sb)) {
        formatter.format(""Now playing: %s - %s (%d sec)\n"", song.getArtist(), song.getTitle(), song.getDurationSeconds());
        if (song.isFavorite()) {
            sb.append(""[favorite]\n"");
        }
    }
}";"private void logNowPlaying(final Song song, final StringBuilder sb) {
    try (final Formatter formatter = new Formatter(sb)) {
        formatter.format(""Now playing: %s - %s (%d sec)\n"", song.getArtist(), song.getTitle(), song.getDurationSeconds());
    }
    if (song.isFavorite()) {
        sb.append(""[favorite]\n"");
    }
}";1;1;1
Case_284_Bitcoin-wallet_SINTETICO_2_BUG;App de Scanner;java.util.Formatter;"private void appendScanResult(final StringBuilder report, final Document doc) {
    final Formatter formatter = new Formatter(report);
    formatter.format(""Page %d: %s\n"", doc.getPageCount(), doc.getFileName());
    formatter.format(""Resolution: %dx%d\n"", doc.getWidth(), doc.getHeight());
    if (doc.isEncrypted()) {
        report.append(""Encrypted document\n"");
    }
}";1;"private void appendScanResult(final StringBuilder report, final Document doc) {
    try (Formatter formatter = new Formatter(report)) {
        formatter.format(""Page %d: %s%n"", doc.getPageCount(), doc.getFileName());
        formatter.format(""Resolution: %dx%d%n"", doc.getWidth(), doc.getHeight());
        if (doc.isEncrypted()) {
            report.append(""Encrypted document"").append(System.lineSeparator());
        }
    }
}";"private void appendScanResult(final StringBuilder report, final Document doc) {
    try (final Formatter formatter = new Formatter(report)) {
        formatter.format(""Page %d: %s\n"", doc.getPageCount(), doc.getFileName());
        formatter.format(""Resolution: %dx%d\n"", doc.getWidth(), doc.getHeight());
        if (doc.isEncrypted()) {
            report.append(""Encrypted document\n"");
        }
    }
}";"private void appendScanResult(final StringBuilder report, final Document doc) {
    try (final Formatter formatter = new Formatter(report)) {
        formatter.format(""Page %d: %s\n"", doc.getPageCount(), doc.getFileName());
        formatter.format(""Resolution: %dx%d\n"", doc.getWidth(), doc.getHeight());
        if (doc.isEncrypted()) {
            report.append(""Encrypted document\n"");
        }
    }
}";1;1;1
Case_284_Bitcoin-wallet_SINTETICO_3_BUG;App de Fitness;java.util.Formatter;"private void buildWorkoutSummary(final StringBuilder summary, final Workout workout) {
    final Formatter formatter = new Formatter(summary);
    formatter.format(""Workout: %s\n"", workout.getName());
    formatter.format(""Calories: %.1f\n"", workout.getCaloriesBurned());
    formatter.format(""Duration: %d min\n"", workout.getDurationMinutes());
    if (workout.isPersonalRecord()) {
        summary.append(""New PR!\n"");
    }
}";1;"private void buildWorkoutSummary(final StringBuilder summary, final Workout workout) {
    try (Formatter formatter = new Formatter(summary)) {
        formatter.format(""Workout: %s%n"", workout.getName());
        formatter.format(""Calories: %.1f%n"", workout.getCaloriesBurned());
        formatter.format(""Duration: %d min%n"", workout.getDurationMinutes());
        if (workout.isPersonalRecord()) {
            summary.append(""New PR!"").append(System.lineSeparator());
        }
    }
}";"private void buildWorkoutSummary(final StringBuilder summary, final Workout workout) {
    try (final Formatter formatter = new Formatter(summary)) {
        formatter.format(""Workout: %s\n"", workout.getName());
        formatter.format(""Calories: %.1f\n"", workout.getCaloriesBurned());
        formatter.format(""Duration: %d min\n"", workout.getDurationMinutes());
        if (workout.isPersonalRecord()) {
            summary.append(""New PR!\n"");
        }
    }
}";"private void buildWorkoutSummary(final StringBuilder summary, final Workout workout) {
    try (final Formatter formatter = new Formatter(summary)) {
        formatter.format(""Workout: %s\n"", workout.getName());
        formatter.format(""Calories: %.1f\n"", workout.getCaloriesBurned());
        formatter.format(""Duration: %d min\n"", workout.getDurationMinutes());
        if (workout.isPersonalRecord()) {
            summary.append(""New PR!\n"");
        }
    }
}";1;1;1
Case_284_Bitcoin-wallet_SINTETICO_4_BUG;App de E-commerce;java.util.Formatter;"private void appendOrderReceipt(final StringBuilder receipt, final Order order) {
    final Formatter formatter = new Formatter(receipt);
    formatter.format(""Order #%s\n"", order.getId());
    formatter.format(""Items: %d\n"", order.getItemCount());
    formatter.format(""Total: $%.2f\n"", order.getTotal());
    if (order.isExpressShipping()) {
        receipt.append(""Express shipping applied\n"");
    }
}";1;"private void appendOrderReceipt(final StringBuilder receipt, final Order order) {
    try (Formatter formatter = new Formatter(receipt)) {
        formatter.format(""Order #%s\n"", order.getId());
        formatter.format(""Items: %d\n"", order.getItemCount());
        formatter.format(""Total: $%.2f\n"", order.getTotal());
    }
    if (order.isExpressShipping()) {
        receipt.append(""Express shipping applied\n"");
    }
}";"private void appendOrderReceipt(final StringBuilder receipt, final Order order) {
    try (final Formatter formatter = new Formatter(receipt)) {
        formatter.format(""Order #%s\n"", order.getId());
        formatter.format(""Items: %d\n"", order.getItemCount());
        formatter.format(""Total: $%.2f\n"", order.getTotal());
        if (order.isExpressShipping()) {
            receipt.append(""Express shipping applied\n"");
        }
    }
}";"private void appendOrderReceipt(final StringBuilder receipt, final Order order) {
    try (final Formatter formatter = new Formatter(receipt)) {
        formatter.format(""Order #%s\n"", order.getId());
        formatter.format(""Items: %d\n"", order.getItemCount());
        formatter.format(""Total: $%.2f\n"", order.getTotal());
    }
    if (order.isExpressShipping()) {
        receipt.append(""Express shipping applied\n"");
    }
}";1;1;1
Case_284_Bitcoin-wallet_SINTETICO_5_BUG;App de Navegação;java.util.Formatter;"private void appendRouteInfo(final StringBuilder sb, final Route route) {
    final Formatter formatter = new Formatter(sb);
    formatter.format(""Route: %s\n"", route.getName());
    formatter.format(""Distance: %.1f km\n"", route.getDistanceKm());
    formatter.format(""ETA: %d min\n"", route.getEstimatedMinutes());
    if (route.hasTolls()) {
        sb.append(""Tolls included\n"");
    }
}";1;"private void appendRouteInfo(final StringBuilder sb, final Route route) {
    try (Formatter formatter = new Formatter(sb)) {
        formatter.format(""Route: %s%n"", route.getName());
        formatter.format(""Distance: %.1f km%n"", route.getDistanceKm());
        formatter.format(""ETA: %d min%n"", route.getEstimatedMinutes());
        if (route.hasTolls()) {
            sb.append(""Tolls included"").append(System.lineSeparator());
        }
    }
}";"private void appendRouteInfo(final StringBuilder sb, final Route route) {
    try (final Formatter formatter = new Formatter(sb)) {
        formatter.format(""Route: %s\n"", route.getName());
        formatter.format(""Distance: %.1f km\n"", route.getDistanceKm());
        formatter.format(""ETA: %d min\n"", route.getEstimatedMinutes());
        if (route.hasTolls()) {
            sb.append(""Tolls included\n"");
        }
    }
}";"private void appendRouteInfo(final StringBuilder sb, final Route route) {
    try (final Formatter formatter = new Formatter(sb)) {
        formatter.format(""Route: %s\n"", route.getName());
        formatter.format(""Distance: %.1f km\n"", route.getDistanceKm());
        formatter.format(""ETA: %d min\n"", route.getEstimatedMinutes());
        if (route.hasTolls()) {
            sb.append(""Tolls included\n"");
        }
    }
}";1;1;1
Case_284_Bitcoin-wallet_SINTETICO_6_BUG;App de Chat;java.util.Formatter;"private void appendMessagePreview(final StringBuilder preview, final ChatMessage message) {
    final Formatter formatter = new Formatter(preview);
    formatter.format(""%s: %s\n"", message.getSenderName(), message.getText());
    if (message.isEdited()) {
        preview.append(""(edited)\n"");
    }
    formatter.format(""Sent at %tT\n"", message.getTimestamp());
}";1;"private void appendMessagePreview(final StringBuilder preview, final ChatMessage message) {
    try (Formatter formatter = new Formatter(preview)) {
        formatter.format(""%s: %s%n"", message.getSenderName(), message.getText());
        if (message.isEdited()) {
            preview.append(""(edited)\n"");
        }
        formatter.format(""Sent at %tT%n"", message.getTimestamp());
    }
}";"private void appendMessagePreview(final StringBuilder preview, final ChatMessage message) {
    try (final Formatter formatter = new Formatter(preview)) {
        formatter.format(""%s: %s\n"", message.getSenderName(), message.getText());
        if (message.isEdited()) {
            preview.append(""(edited)\n"");
        }
        formatter.format(""Sent at %tT\n"", message.getTimestamp());
    }
}";"private void appendMessagePreview(final StringBuilder preview, final ChatMessage message) {
    try (final Formatter formatter = new Formatter(preview)) {
        formatter.format(""%s: %s\n"", message.getSenderName(), message.getText());
        if (message.isEdited()) {
            preview.append(""(edited)\n"");
        }
        formatter.format(""Sent at %tT\n"", message.getTimestamp());
    }
}";1;1;1
Case_284_Bitcoin-wallet_SINTETICO_7_BUG;App de Fotos;java.util.Formatter;"private void appendPhotoMetadata(final StringBuilder details, final Photo photo) {
    final Formatter formatter = new Formatter(details);
    formatter.format(""File: %s\n"", photo.getFileName());
    formatter.format(""Dimensions: %dx%d\n"", photo.getWidth(), photo.getHeight());
    formatter.format(""Taken: %tF %tT\n"", photo.getTakenAt(), photo.getTakenAt());
    if (photo.hasGps()) {
        details.append(""GPS available\n"");
    }
}";1;"private void appendPhotoMetadata(final StringBuilder details, final Photo photo) {
    try (Formatter formatter = new Formatter(details)) {
        formatter.format(""File: %s%n"", photo.getFileName());
        formatter.format(""Dimensions: %dx%d%n"", photo.getWidth(), photo.getHeight());
        formatter.format(""Taken: %tF %<tT%n"", photo.getTakenAt());
    }
    if (photo.hasGps()) {
        details.append(""GPS available"").append(System.lineSeparator());
    }
}";"private void appendPhotoMetadata(final StringBuilder details, final Photo photo) {
    try (final Formatter formatter = new Formatter(details)) {
        formatter.format(""File: %s\n"", photo.getFileName());
        formatter.format(""Dimensions: %dx%d\n"", photo.getWidth(), photo.getHeight());
        formatter.format(""Taken: %tF %tT\n"", photo.getTakenAt(), photo.getTakenAt());
        if (photo.hasGps()) {
            details.append(""GPS available\n"");
        }
    }
}";"private void appendPhotoMetadata(final StringBuilder details, final Photo photo) {
    try (Formatter formatter = new Formatter(details)) {
        formatter.format(""File: %s\n"", photo.getFileName());
        formatter.format(""Dimensions: %dx%d\n"", photo.getWidth(), photo.getHeight());
        formatter.format(""Taken: %tF %tT\n"", photo.getTakenAt(), photo.getTakenAt());
        if (photo.hasGps()) {
            details.append(""GPS available\n"");
        }
    }
}";1;1;1
Case_284_Bitcoin-wallet_SINTETICO_8_BUG;App de Finanças;java.util.Formatter;"private void appendTransactionLine(final StringBuilder ledger, final Transaction tx) {
    final Formatter formatter = new Formatter(ledger);
    formatter.format(""%s | %s | $%.2f\n"", tx.getDate(), tx.getDescription(), tx.getAmount());
    if (tx.isPending()) {
        ledger.append(""PENDING\n"");
    }
    formatter.format(""Balance impact: $%.2f\n"", tx.getBalanceImpact());
}";1;"private void appendTransactionLine(final StringBuilder ledger, final Transaction tx) {
    try (Formatter formatter = new Formatter(ledger)) {
        formatter.format(""%s | %s | $%.2f%n"", tx.getDate(), tx.getDescription(), tx.getAmount());
        if (tx.isPending()) {
            ledger.append(""PENDING"").append(System.lineSeparator());
        }
        formatter.format(""Balance impact: $%.2f%n"", tx.getBalanceImpact());
    }
}";"private void appendTransactionLine(final StringBuilder ledger, final Transaction tx) {
    try (final Formatter formatter = new Formatter(ledger)) {
        formatter.format(""%s | %s | $%.2f\n"", tx.getDate(), tx.getDescription(), tx.getAmount());
        if (tx.isPending()) {
            ledger.append(""PENDING\n"");
        }
        formatter.format(""Balance impact: $%.2f\n"", tx.getBalanceImpact());
    }
}";"private void appendTransactionLine(final StringBuilder ledger, final Transaction tx) {
    try (final Formatter formatter = new Formatter(ledger)) {
        formatter.format(""%s | %s | $%.2f\n"", tx.getDate(), tx.getDescription(), tx.getAmount());
        if (tx.isPending()) {
            ledger.append(""PENDING\n"");
        }
        formatter.format(""Balance impact: $%.2f\n"", tx.getBalanceImpact());
    }
}";1;1;1
Case_284_Bitcoin-wallet_SINTETICO_9_BUG;App de Meteorologia;java.util.Formatter;"private void appendForecast(final StringBuilder sb, final Forecast forecast) {
    final Formatter formatter = new Formatter(sb);
    formatter.format(""Location: %s\n"", forecast.getCity());
    formatter.format(""Temp: %.1f C\n"", forecast.getTemperatureCelsius());
    formatter.format(""Humidity: %d%%\n"", forecast.getHumidity());
    if (forecast.isStormWarning()) {
        sb.append(""Storm warning active\n"");
    }
}";1;"private void appendForecast(final StringBuilder sb, final Forecast forecast) {
    try (Formatter formatter = new Formatter(sb)) {
        formatter.format(""Location: %s%n"", forecast.getCity());
        formatter.format(""Temp: %.1f C%n"", forecast.getTemperatureCelsius());
        formatter.format(""Humidity: %d%%%n"", forecast.getHumidity());
        if (forecast.isStormWarning()) {
            sb.append(""Storm warning active"").append(System.lineSeparator());
        }
    }
}";"private void appendForecast(final StringBuilder sb, final Forecast forecast) {
    try (final Formatter formatter = new Formatter(sb)) {
        formatter.format(""Location: %s\n"", forecast.getCity());
        formatter.format(""Temp: %.1f C\n"", forecast.getTemperatureCelsius());
        formatter.format(""Humidity: %d%%\n"", forecast.getHumidity());
        if (forecast.isStormWarning()) {
            sb.append(""Storm warning active\n"");
        }
    }
}";"private void appendForecast(final StringBuilder sb, final Forecast forecast) {
    try (final Formatter formatter = new Formatter(sb)) {
        formatter.format(""Location: %s\n"", forecast.getCity());
        formatter.format(""Temp: %.1f C\n"", forecast.getTemperatureCelsius());
        formatter.format(""Humidity: %d%%\n"", forecast.getHumidity());
    }
    if (forecast.isStormWarning()) {
        sb.append(""Storm warning active\n"");
    }
}";1;1;1
Case_284_Bitcoin-wallet_SINTETICO_10_BUG;App de Delivery;java.util.Formatter;"private void appendDeliveryStatus(final StringBuilder status, final DeliveryOrder order) {
    final Formatter formatter = new Formatter(status);
    formatter.format(""Order: %s\n"", order.getOrderCode());
    formatter.format(""Driver: %s\n"", order.getDriverName());
    formatter.format(""ETA: %d minutes\n"", order.getEtaMinutes());
    if (order.isContactless()) {
        status.append(""Contactless delivery\n"");
    }
}";1;"private void appendDeliveryStatus(final StringBuilder status, final DeliveryOrder order) {
    try (Formatter formatter = new Formatter(status)) {
        formatter.format(""Order: %s%n"", order.getOrderCode());
        formatter.format(""Driver: %s%n"", order.getDriverName());
        formatter.format(""ETA: %d minutes%n"", order.getEtaMinutes());
        if (order.isContactless()) {
            status.append(""Contactless delivery"").append(System.lineSeparator());
        }
    }
}";"private void appendDeliveryStatus(final StringBuilder status, final DeliveryOrder order) {
    try (final Formatter formatter = new Formatter(status)) {
        formatter.format(""Order: %s\n"", order.getOrderCode());
        formatter.format(""Driver: %s\n"", order.getDriverName());
        formatter.format(""ETA: %d minutes\n"", order.getEtaMinutes());
        if (order.isContactless()) {
            status.append(""Contactless delivery\n"");
        }
    }
}";"private void appendDeliveryStatus(final StringBuilder status, final DeliveryOrder order) {
    try (final Formatter formatter = new Formatter(status)) {
        formatter.format(""Order: %s\n"", order.getOrderCode());
        formatter.format(""Driver: %s\n"", order.getDriverName());
        formatter.format(""ETA: %d minutes\n"", order.getEtaMinutes());
        if (order.isContactless()) {
            status.append(""Contactless delivery\n"");
        }
    }
}";1;1;1
Case_289_Bankdroid_SINTETICO_1_BUG;App de Musica;org.apache.http.impl.client.DefaultHttpClient;"try {
    DefaultHttpClient client = new DefaultHttpClient();
    HttpResponse response = client.execute(request);
    playlist.syncFromServer(response.getEntity().getContent());
    db.savePlaylist(playlist);
} catch (IOException e) {
    logError(e);
}";1;"DefaultHttpClient client = null;
InputStream content = null;
try {
    client = new DefaultHttpClient();
    HttpResponse response = client.execute(request);
    content = response.getEntity().getContent();
    playlist.syncFromServer(content);
    db.savePlaylist(playlist);
} catch (IOException e) {
    logError(e);
} finally {
    if (content != null) {
        try {
            content.close();
        } catch (IOException e) {
            logError(e);
        }
    }
    if (client != null) {
        client.getConnectionManager().shutdown();
    }
}";"try {
    DefaultHttpClient client = new DefaultHttpClient();
    try {
        HttpResponse response = client.execute(request);
        HttpEntity entity = response.getEntity();
        try {
            InputStream content = entity.getContent();
            try {
                playlist.syncFromServer(content);
                db.savePlaylist(playlist);
            } finally {
                content.close();
            }
        } finally {
            EntityUtils.consumeQuietly(entity);
        }
    } finally {
        client.getConnectionManager().shutdown();
    }
} catch (IOException e) {
    logError(e);
}";"try {
    DefaultHttpClient client = new DefaultHttpClient();
    HttpResponse response = client.execute(request);
    try (InputStream content = response.getEntity().getContent()) {
        playlist.syncFromServer(content);
        db.savePlaylist(playlist);
    }
} catch (IOException e) {
    logError(e);
}";0;0;1
Case_289_Bankdroid_SINTETICO_2_BUG;App de Scanner de Documentos;org.apache.http.impl.client.DefaultHttpClient;"try {
    DefaultHttpClient httpClient = new DefaultHttpClient();
    HttpResponse response = httpClient.execute(uploadRequest);
    serverStatus.parse(response.getEntity().getContent());
    cache.markUploaded(documentId);
} catch (Exception e) {
    reportFailure(e);
}";1;"DefaultHttpClient httpClient = null;
try {
    httpClient = new DefaultHttpClient();
    HttpResponse response = httpClient.execute(uploadRequest);
    try (java.io.InputStream content = response.getEntity().getContent()) {
        serverStatus.parse(content);
    }
    cache.markUploaded(documentId);
} catch (Exception e) {
    reportFailure(e);
} finally {
    if (httpClient != null) {
        httpClient.getConnectionManager().shutdown();
    }
}";"try {
    DefaultHttpClient httpClient = new DefaultHttpClient();
    try {
        HttpResponse response = httpClient.execute(uploadRequest);
        InputStream content = response.getEntity().getContent();
        try {
            serverStatus.parse(content);
        } finally {
            content.close();
        }
        cache.markUploaded(documentId);
    } finally {
        httpClient.getConnectionManager().shutdown();
    }
} catch (Exception e) {
    reportFailure(e);
}";"try {
    DefaultHttpClient httpClient = new DefaultHttpClient();
    try {
        HttpResponse response = httpClient.execute(uploadRequest);
        if (response.getEntity() != null) {
            try (java.io.InputStream inputStream = response.getEntity().getContent()) {
                serverStatus.parse(inputStream);
            }
        }
        cache.markUploaded(documentId);
    } finally {
        httpClient.getConnectionManager().shutdown();
    }
} catch (Exception e) {
    reportFailure(e);
}";0;0;0
Case_289_Bankdroid_SINTETICO_3_BUG;App de Fitness;org.apache.http.impl.client.DefaultHttpClient;"try {
    DefaultHttpClient client = new DefaultHttpClient();
    HttpResponse response = client.execute(syncRequest);
    workoutRemoteState.update(response.getEntity().getContent());
    localStore.saveWorkout(workoutSession);
} catch (IOException e) {
    handleSyncError(e);
}";1;"DefaultHttpClient client = null;
try {
    client = new DefaultHttpClient();
    HttpResponse response = client.execute(syncRequest);
    try {
        workoutRemoteState.update(response.getEntity().getContent());
    } finally {
        if (response.getEntity() != null) {
            response.getEntity().getContent().close();
        }
    }
    localStore.saveWorkout(workoutSession);
} catch (IOException e) {
    handleSyncError(e);
} finally {
    if (client != null) {
        client.getConnectionManager().shutdown();
    }
}";"try {
    DefaultHttpClient client = new DefaultHttpClient();
    try {
        HttpResponse response = client.execute(syncRequest);
        HttpEntity entity = response.getEntity();
        try {
            InputStream content = entity.getContent();
            try {
                workoutRemoteState.update(content);
            } finally {
                content.close();
            }
        } finally {
            EntityUtils.consume(entity);
        }
        localStore.saveWorkout(workoutSession);
    } finally {
        client.getConnectionManager().shutdown();
    }
} catch (IOException e) {
    handleSyncError(e);
}";"try {
    DefaultHttpClient client = new DefaultHttpClient();
    try {
        HttpResponse response = client.execute(syncRequest);
        if (response.getEntity() != null) {
            try (java.io.InputStream content = response.getEntity().getContent()) {
                workoutRemoteState.update(content);
            }
        }
        localStore.saveWorkout(workoutSession);
    } finally {
        client.getConnectionManager().shutdown();
    }
} catch (IOException e) {
    handleSyncError(e);
}";0;0;0
Case_289_Bankdroid_SINTETICO_4_BUG;App de Compras;org.apache.http.impl.client.DefaultHttpClient;"try {
    DefaultHttpClient client = new DefaultHttpClient();
    HttpResponse response = client.execute(cartRequest);
    cartParser.parse(response.getEntity().getContent());
    cartRepository.update(cart);
} catch (JSONException e) {
    showCartError();
}";1;"try (DefaultHttpClient client = new DefaultHttpClient()) {
    HttpResponse response = client.execute(cartRequest);
    try (InputStream content = response.getEntity().getContent()) {
        cartParser.parse(content);
    }
    cartRepository.update(cart);
} catch (JSONException e) {
    showCartError();
}";"try {
    DefaultHttpClient client = new DefaultHttpClient();
    try {
        HttpResponse response = client.execute(cartRequest);
        HttpEntity entity = response.getEntity();
        try {
            cartParser.parse(entity.getContent());
            cartRepository.update(cart);
        } finally {
            EntityUtils.consumeQuietly(entity);
        }
    } finally {
        client.getConnectionManager().shutdown();
    }
} catch (JSONException e) {
    showCartError();
}";"try {
    DefaultHttpClient client = new DefaultHttpClient();
    HttpResponse response = client.execute(cartRequest);
    try (java.io.InputStream inputStream = response.getEntity().getContent()) {
        cartParser.parse(inputStream);
    }
    cartRepository.update(cart);
} catch (JSONException | java.io.IOException e) {
    showCartError();
}";1;0;1
Case_289_Bankdroid_SINTETICO_5_BUG;App de Noticias;org.apache.http.impl.client.DefaultHttpClient;"try {
    DefaultHttpClient client = new DefaultHttpClient();
    HttpResponse response = client.execute(feedRequest);
    newsFeed.load(response.getEntity().getContent());
    preferences.storeLastSync(time);
} catch (IOException e) {
    retryLater();
}";1;"DefaultHttpClient client = new DefaultHttpClient();
try {
    HttpResponse response = client.execute(feedRequest);
    try (InputStream content = response.getEntity().getContent()) {
        newsFeed.load(content);
    }
    preferences.storeLastSync(time);
} catch (IOException e) {
    retryLater();
} finally {
    client.getConnectionManager().shutdown();
}";"DefaultHttpClient client = null;
try {
    client = new DefaultHttpClient();
    HttpResponse response = client.execute(feedRequest);
    newsFeed.load(response.getEntity().getContent());
    preferences.storeLastSync(time);
} catch (IOException e) {
    retryLater();
} finally {
    if (client != null) {
        client.getConnectionManager().shutdown();
    }
}";"try (DefaultHttpClient client = new DefaultHttpClient()) {
    HttpResponse response = client.execute(feedRequest);
    try (InputStream content = response.getEntity().getContent()) {
        newsFeed.load(content);
    }
    preferences.storeLastSync(time);
} catch (IOException e) {
    retryLater();
}";0;0;1
Case_289_Bankdroid_SINTETICO_6_BUG;App de Viagens;org.apache.http.impl.client.DefaultHttpClient;"try {
    DefaultHttpClient client = new DefaultHttpClient();
    HttpResponse response = client.execute(routeRequest);
    routeInfo.parse(response.getEntity().getContent());
    itineraryDao.save(itinerary);
} catch (Exception e) {
    sendTelemetry(e);
}";1;"try {
    DefaultHttpClient client = new DefaultHttpClient();
    try {
        HttpResponse response = client.execute(routeRequest);
        java.io.InputStream content = response.getEntity().getContent();
        try {
            routeInfo.parse(content);
            itineraryDao.save(itinerary);
        } finally {
            if (content != null) {
                content.close();
            }
        }
    } finally {
        client.getConnectionManager().shutdown();
    }
} catch (Exception e) {
    sendTelemetry(e);
}";"try {
    DefaultHttpClient client = new DefaultHttpClient();
    try {
        HttpResponse response = client.execute(routeRequest);
        HttpEntity entity = response.getEntity();
        try {
            routeInfo.parse(entity.getContent());
        } finally {
            EntityUtils.consumeQuietly(entity);
        }
        itineraryDao.save(itinerary);
    } finally {
        client.getConnectionManager().shutdown();
    }
} catch (Exception e) {
    sendTelemetry(e);
}";"try (DefaultHttpClient client = new DefaultHttpClient()) {
    HttpResponse response = client.execute(routeRequest);
    if (response.getEntity() != null) {
        try (java.io.InputStream inputStream = response.getEntity().getContent()) {
            routeInfo.parse(inputStream);
        }
    }
    itineraryDao.save(itinerary);
} catch (Exception e) {
    sendTelemetry(e);
}";0;0;1
Case_289_Bankdroid_SINTETICO_7_BUG;App de Educação;org.apache.http.impl.client.DefaultHttpClient;"try {
    DefaultHttpClient client = new DefaultHttpClient();
    HttpResponse response = client.execute(lessonRequest);
    lessonManager.applyUpdate(response.getEntity().getContent());
    progressDb.save(progress);
} catch (IOException e) {
    notifyUser();
}";1;"DefaultHttpClient client = new DefaultHttpClient();
try {
    HttpResponse response = client.execute(lessonRequest);
    try (InputStream content = response.getEntity().getContent()) {
        lessonManager.applyUpdate(content);
    }
    progressDb.save(progress);
} catch (IOException e) {
    notifyUser();
} finally {
    client.getConnectionManager().shutdown();
}";"DefaultHttpClient client = new DefaultHttpClient();
try {
    HttpResponse response = client.execute(lessonRequest);
    InputStream content = response.getEntity().getContent();
    try {
        lessonManager.applyUpdate(content);
        progressDb.save(progress);
    } finally {
        content.close();
    }
} catch (IOException e) {
    notifyUser();
} finally {
    client.getConnectionManager().shutdown();
}";"try (DefaultHttpClient client = new DefaultHttpClient()) {
    HttpResponse response = client.execute(lessonRequest);
    if (response.getEntity() != null) {
        try (java.io.InputStream content = response.getEntity().getContent()) {
            lessonManager.applyUpdate(content);
        }
    }
    progressDb.save(progress);
} catch (IOException e) {
    notifyUser();
}";0;0;1
Case_289_Bankdroid_SINTETICO_8_BUG;App de Saúde;org.apache.http.impl.client.DefaultHttpClient;"try {
    DefaultHttpClient client = new DefaultHttpClient();
    HttpResponse response = client.execute(measurementRequest);
    healthSync.parse(response.getEntity().getContent());
    metricsStore.persist(metrics);
} catch (IOException e) {
    logSyncIssue(e);
}";1;"DefaultHttpClient client = new DefaultHttpClient();
try {
    HttpResponse response = client.execute(measurementRequest);
    try (InputStream content = response.getEntity().getContent()) {
        healthSync.parse(content);
    }
    metricsStore.persist(metrics);
} catch (IOException e) {
    logSyncIssue(e);
} finally {
    client.getConnectionManager().shutdown();
}";"try {
    DefaultHttpClient client = new DefaultHttpClient();
    try {
        HttpResponse response = client.execute(measurementRequest);
        InputStream content = response.getEntity().getContent();
        try {
            healthSync.parse(content);
            metricsStore.persist(metrics);
        } finally {
            content.close();
        }
    } finally {
        client.getConnectionManager().shutdown();
    }
} catch (IOException e) {
    logSyncIssue(e);
}";"try {
    DefaultHttpClient client = new DefaultHttpClient();
    try {
        HttpResponse response = client.execute(measurementRequest);
        if (response.getEntity() != null) {
            try (java.io.InputStream content = response.getEntity().getContent()) {
                healthSync.parse(content);
            }
        }
        metricsStore.persist(metrics);
    } finally {
        client.getConnectionManager().shutdown();
    }
} catch (IOException e) {
    logSyncIssue(e);
}";0;0;0
Case_289_Bankdroid_SINTETICO_9_BUG;App de Mensagens;org.apache.http.impl.client.DefaultHttpClient;"try {
    DefaultHttpClient client = new DefaultHttpClient();
    HttpResponse response = client.execute(messageRequest);
    inboxSync.read(response.getEntity().getContent());
    messageDao.saveThreads(threads);
} catch (IOException e) {
    scheduleResend();
}";1;"try {
    DefaultHttpClient client = new DefaultHttpClient();
    try {
        HttpResponse response = client.execute(messageRequest);
        try (InputStream content = response.getEntity().getContent()) {
            inboxSync.read(content);
        }
        messageDao.saveThreads(threads);
    } finally {
        client.getConnectionManager().shutdown();
    }
} catch (IOException e) {
    scheduleResend();
}";"try {
    DefaultHttpClient client = new DefaultHttpClient();
    try {
        HttpResponse response = client.execute(messageRequest);
        InputStream content = response.getEntity().getContent();
        try {
            inboxSync.read(content);
            messageDao.saveThreads(threads);
        } finally {
            content.close();
        }
    } finally {
        client.getConnectionManager().shutdown();
    }
} catch (IOException e) {
    scheduleResend();
}";"try {
    DefaultHttpClient client = new DefaultHttpClient();
    HttpResponse response = client.execute(messageRequest);
    if (response.getEntity() != null) {
        try (java.io.InputStream inputStream = response.getEntity().getContent()) {
            inboxSync.read(inputStream);
        }
    }
    messageDao.saveThreads(threads);
} catch (IOException e) {
    scheduleResend();
} finally {
    client.getConnectionManager().shutdown();
}";0;0;0
Case_289_Bankdroid_SINTETICO_10_BUG;App de Clima;org.apache.http.impl.client.DefaultHttpClient;"try {
    DefaultHttpClient client = new DefaultHttpClient();
    HttpResponse response = client.execute(weatherRequest);
    weatherModel.updateFrom(response.getEntity().getContent());
    forecastCache.store(location, forecast);
} catch (IOException e) {
    fallbackToLocalForecast();
}";1;"try (DefaultHttpClient client = new DefaultHttpClient()) {
    HttpResponse response = client.execute(weatherRequest);
    try (InputStream content = response.getEntity().getContent()) {
        weatherModel.updateFrom(content);
    }
    forecastCache.store(location, forecast);
} catch (IOException e) {
    fallbackToLocalForecast();
}";"try {
    DefaultHttpClient client = new DefaultHttpClient();
    try {
        HttpResponse response = client.execute(weatherRequest);
        InputStream content = response.getEntity().getContent();
        try {
            weatherModel.updateFrom(content);
        } finally {
            content.close();
        }
        forecastCache.store(location, forecast);
    } finally {
        client.getConnectionManager().shutdown();
    }
} catch (IOException e) {
    fallbackToLocalForecast();
}";"try (DefaultHttpClient client = new DefaultHttpClient()) {
    HttpResponse response = client.execute(weatherRequest);
    try (java.io.InputStream content = response.getEntity().getContent()) {
        weatherModel.updateFrom(content);
    }
    forecastCache.store(location, forecast);
} catch (IOException e) {
    fallbackToLocalForecast();
}";1;0;1
